162.99 -49.38 15 0.50 1.36 -1.86 -0.05 0.84 1.10 24 X Y 082878A
176.64 -37.36 183 0.60 -0.94 0.34 3.22 4.00 -6.70 23 X Y 092278A
171.54 -42.46 59 1.40 1.42 -2.82 -1.96 -1.14 -3.42 23 X Y 032479A
159.13 -52.45 15 -0.23 2.74 -2.51 -1.10 -0.92 0.96 25 X Y 042379D
160.52 -51.73 15 0.53 1.74 -2.27 0.00 0.00 1.90 24 X Y 081179A
176.01 -37.92 293 -1.52 -0.57 2.09 5.76 -0.12 -6.06 23 X Y 110179C
176.59 -36.79 333 -1.74 8.16 -6.43 5.86 -0.87 -6.78 23 X Y 122280B
178.80 -34.22 183 -0.11 1.13 -1.02 0.31 0.97 -1.06 24 X Y 010381D
164.39 -48.94 33 -0.42 2.68 -2.26 -0.00 -0.32 1.14 27 X Y 052581A
163.65 -48.33 15 -0.45 3.97 -3.52 -1.37 1.60 2.03 24 X Y 061581A
160.41 -51.18 10 -0.62 4.86 -4.23 1.51 -2.74 -3.90 26 X Y 070782A
160.06 -50.63 15 0.03 1.02 -1.04 0.00 0.00 -2.38 24 X Y 072282B
162.33 -50.28 15 -1.11 9.59 -8.48 -1.29 -2.95 0.39 23 X Y 022683C
179.51 -33.70 15 -0.53 0.18 0.35 0.80 -0.17 1.02 24 X Y 050483A
174.52 -50.07 15 -0.54 7.97 -7.44 -2.57 -6.59 3.01 23 X Y 060383A
170.66 -43.95 10 -0.34 0.50 -0.17 -0.39 -1.10 -1.31 25 X Y 062484B
177.47 -36.65 19 -0.50 0.19 0.30 -0.03 0.93 1.54 26 X Y 123084D
176.92 -36.75 39 -2.86 -6.29 9.15 3.34 0.34 7.66 23 X Y 010285B
177.60 -36.23 24 -0.13 0.08 0.05 0.01 0.07 1.21 24 X Y 010285C
179.12 -35.48 97 4.43 -7.12 2.69 -0.50 1.16 4.66 24 X Y 041185A
163.07 -49.80 15 -1.34 7.84 -6.50 0.95 -1.80 -0.02 23 X Y 042286B
179.33 -34.51 15 -0.11 -0.08 0.20 1.55 2.65 3.99 25 X Y 082386B
163.98 -49.16 15 2.54 4.27 -6.81 3.44 0.94 1.09 23 X Y 050387B
165.52 -30.38 15 -1.40 6.20 -4.80 1.84 -2.84 3.56 23 X Y 072787A
163.35 -49.65 15 0.40 1.06 -1.46 0.28 0.19 0.54 24 X Y 111287B
177.27 -35.01 528 0.06 -2.38 2.32 -2.84 -2.20 6.02 23 X Y 062488E
158.73 -52.94 15 -0.19 1.74 -1.55 -0.13 0.42 0.83 24 X Y 050989B
160.41 -52.15 15 0.11 1.13 -1.23 0.52 -0.09 0.40 28 X Y 052389A
159.22 -51.96 15 -2.99 4.90 -1.91 1.66 0.85 -4.98 24 X Y 052589E
176.91 -36.38 265 2.70 -1.78 -0.92 -0.44 6.34 -9.00 23 X Y 052589G
160.43 -51.87 15 0.67 4.73 -5.41 0.00 0.00 0.38 23 X Y 052689B
158.29 -50.54 15 -1.45 9.75 -8.30 7.26 -0.57 -7.79 23 X Y 052889D
158.56 -52.12 15 2.54 1.99 -4.53 0.00 0.00 -5.75 23 X Y 060189B
158.13 -51.84 15 -1.99 9.22 -7.23 -2.37 1.37 -3.19 23 X Y 061189A
161.52 -50.05 15 -0.25 2.53 -2.28 1.03 -0.43 0.34 25 X Y 112189D
172.78 -42.41 15 0.18 6.94 -7.12 0.69 -6.60 -5.23 24 X Y 021090A
172.74 -42.19 15 -1.01 3.22 -2.21 0.92 -2.07 -1.89 24 X Y 021090B
164.59 -47.56 15 -0.46 1.52 -1.06 0.00 0.00 0.97 24 X Y 031290A
164.62 -47.64 15 -0.52 1.74 -1.22 0.00 0.00 1.05 24 X Y 031390E
164.53 -47.96 15 -1.06 2.70 -1.64 0.00 0.00 -0.77 24 X Y 032490A
175.91 -39.25 49 2.55 5.00 -7.55 7.64 2.10 2.18 23 X Y 071291A
176.57 -36.89 283 0.57 0.04 -0.60 0.91 0.31 -1.52 24 X Y 111691A
159.63 -52.85 15 -0.17 1.16 -0.99 0.14 0.13 0.39 24 X Y 031192A
177.19 -37.35 15 -0.81 -0.54 1.36 -1.11 0.30 2.05 24 X Y 032592B
173.71 -41.65 75 0.62 6.58 -7.20 2.34 -1.33 4.38 24 X Y 052792I
178.06 -38.46 15 0.09 -0.11 0.02 2.88 1.51 3.28 25 X Y 081093D
166.61 -45.35 15 -0.78 1.15 -0.38 0.00 0.00 -6.94 23 X Y 081193G
171.47 -42.94 15 0.71 0.27 -0.98 0.39 -0.26 -1.09 26 X Y 061894B
171.54 -43.24 15 1.05 1.51 -2.55 1.97 0.50 -6.92 24 X Y 061994D
171.81 -43.38 15 0.47 0.37 -0.85 0.87 0.28 -1.02 24 X Y 062194A
159.29 -52.89 15 -0.08 1.90 -1.82 -0.15 0.04 1.20 24 X Y 112394E
177.45 -37.09 15 -0.59 1.57 -0.98 -0.35 1.03 2.79 25 X Y 121594B
179.96 -32.93 31 -0.81 -0.67 1.48 1.16 0.33 3.90 24 X Y 122894U
179.08 -37.08 21 2.40 -5.89 3.49 -0.32 5.97 -5.56 24 X Y 021395A
174.17 -40.89 90 1.49 -3.35 1.86 -2.06 4.38 -3.23 24 X Y 032295E
161.37 -50.88 15 0.47 1.50 -1.98 -0.80 -0.02 0.52 24 X Y 042295B
171.80 -43.47 15 -0.20 1.93 -1.73 0.88 -0.47 -0.64 24 X Y 052995E
171.76 -42.88 15 0.47 0.61 -1.08 0.80 0.15 -1.32 25 X Y 112495A
172.90 -42.41 31 -2.32 8.41 -6.09 -0.87 -3.36 -1.67 23 X Y 082996A
179.90 -31.18 453 -0.28 -2.31 2.59 -0.87 -1.64 -0.95 25 X Y 032197A
162.89 -50.06 15 0.10 1.21 -1.30 0.29 -0.12 -0.16 26 X Y 032098D
159.66 -52.67 15 -0.05 2.19 -2.14 -0.25 -0.16 0.87 25 X Y 061698A
169.62 -43.80 15 -1.99 5.72 -3.73 2.54 -7.32 -9.80 23 X Y 102098B
178.99 -34.14 15 -1.28 -4.99 6.28 0.92 -0.60 1.06 24 X Y 030400B
175.40 -38.41 248 0.50 0.78 -1.28 0.78 -0.55 -0.72 24 X Y 052401E
179.82 -37.03 15 -2.15 -1.41 3.56 -1.73 4.91 9.09 25 X Y 102101A
168.42 -44.10 15 0.14 0.93 -1.07 -0.09 -1.16 -0.75 24 X Y 022402C
162.91 -49.74 15 0.23 1.26 -1.50 0.39 0.68 -0.45 24 X Y 101702B
159.29 -51.95 15 0.01 -0.05 0.04 0.37 0.25 -1.22 24 X Y 101902D
179.42 -35.62 85 2.05 -3.41 1.36 -0.50 -3.85 5.66 23 X Y 011803A
166.59 -44.90 40 -0.22 2.92 -2.70 -0.48 -0.28 -0.90 23 X Y 091103A
163.25 -49.93 12 -0.12 2.14 -2.02 0.39 -0.26 -0.16 25 X Y 070104C
176.62 -37.93 12 -1.89 -1.75 3.64 -0.23 1.00 1.51 23 X Y 071804A
176.58 -37.98 12 -0.70 -0.82 1.52 -0.41 0.31 0.69 24 X Y 071804B
163.47 -49.73 19 -0.02 1.01 -0.99 0.37 -0.18 -0.20 24 X Y 080504B
161.25 -49.91 27 0.11 0.87 -0.98 0.49 -0.32 -1.21 28 X Y 122304A
161.51 -50.69 12 -0.10 0.97 -0.88 0.11 -0.09 -1.10 25 X Y 200501031759A
160.43 -52.14 12 0.07 2.98 -3.04 -1.35 0.95 1.21 24 X Y 200503162241A
160.30 -52.21 12 0.02 0.69 -0.71 -0.39 0.19 0.41 24 X Y 200503170119A
168.81 -43.88 12 0.65 0.61 -1.27 0.76 -0.53 -0.68 24 X Y 200505021535A
168.75 -43.93 12 0.86 2.33 -3.19 0.38 -1.76 -1.78 23 X Y 200505021540A
162.09 -50.73 28 0.23 1.19 -1.42 -0.46 -0.38 -0.09 24 X Y 200505251118A
162.12 -50.64 23 0.28 0.80 -1.08 -0.44 -0.33 0.11 24 X Y 200506050747A
162.06 -50.72 29 0.15 0.93 -1.08 -0.40 -0.32 0.11 24 X Y 200508110117A
178.58 -35.67 12 -3.03 5.35 -2.32 0.76 2.21 4.02 23 X Y 200508301734A
161.66 -50.05 12 0.17 0.57 -0.75 -0.34 0.11 -0.67 24 X Y 200510052310A
163.80 -49.58 15 0.78 2.63 -3.41 2.49 0.28 0.73 24 X Y 200510170712A
164.33 -49.13 24 0.58 0.62 -1.20 0.86 -0.07 0.30 24 X Y 200511061328A
158.28 -52.09 33 0.04 0.50 -0.53 -0.41 -0.09 -0.65 24 X Y 200606011615A
159.55 -52.94 24 0.62 4.18 -4.80 -0.69 3.03 3.19 23 X Y 200607280252A
172.52 -41.61 93 -3.21 3.87 -0.67 3.79 -0.80 7.14 23 X Y 200608130429A
161.83 -50.94 28 0.05 0.66 -0.71 0.15 0.14 0.20 25 X Y 200610160035A
161.98 -50.80 24 0.20 1.96 -2.16 0.44 0.03 0.33 24 X Y 200611150053A
176.68 -38.13 93 1.02 -1.13 0.11 1.97 0.59 3.05 23 X Y 200611281854A
161.86 -50.92 26 0.23 3.59 -3.82 0.95 0.56 1.00 24 X Y 200612031053A
161.98 -50.79 24 -0.55 3.32 -2.77 -0.33 0.91 0.48 23 X Y 200701060731A
179.88 -32.09 300 -0.37 -0.57 0.94 -0.52 0.52 0.45 24 X Y 200708101011A
178.50 -39.47 12 -0.76 3.45 -2.68 -1.05 1.55 -2.03 23 X Y 200709261054A
163.89 -48.99 14 1.17 2.95 -4.12 -0.50 -0.62 1.23 23 X Y 200710011619A
164.74 -47.91 17 0.11 5.13 -5.24 0.68 -1.77 0.54 23 X Y 200710020651A
178.35 -35.51 12 -0.26 -0.83 1.09 -0.03 -0.07 0.59 24 X Y 200710270754A
160.97 -51.60 32 -0.05 4.62 -4.57 -2.08 -0.04 2.11 23 X Y 200710271148A
160.81 -51.70 31 0.29 2.81 -3.10 -1.08 0.46 1.43 24 X Y 200711040131A
161.09 -51.63 32 0.59 5.18 -5.77 -1.81 0.10 2.30 23 X Y 200711061436A
161.23 -51.38 28 0.11 0.76 -0.87 -0.22 0.05 0.23 26 X Y 200711100113A
160.78 -51.77 32 0.07 4.71 -4.79 -1.67 0.51 2.44 23 X Y 200711161339A
164.27 -49.22 35 0.41 0.42 -0.83 0.54 -0.09 0.24 24 X Y 200712051807A
160.85 -51.74 31 0.14 2.10 -2.24 -0.94 0.17 0.79 24 X Y 200712141440A
160.96 -51.67 30 1.08 5.14 -6.22 -2.51 0.62 2.55 23 X Y 200802012122A
160.70 -51.90 31 0.44 5.84 -6.28 -2.55 0.52 2.56 23 X Y 200802030201A
178.42 -35.66 12 -2.29 -4.16 6.45 0.05 -0.12 3.71 23 X Y 200802190926A
178.45 -35.66 12 -0.81 -4.49 5.30 0.10 0.53 3.86 23 X Y 200802191152A
177.17 -37.58 13 -3.85 -0.98 4.83 1.27 3.13 6.45 23 X Y 200806122106A
166.72 -45.56 112 -0.68 3.77 -3.10 0.95 -3.04 -3.62 23 X Y 200807120008A
175.88 -39.14 96 0.02 0.76 -0.78 0.26 -0.25 -0.04 24 X Y 200809010121A
179.65 -33.74 19 -1.93 1.13 0.80 1.36 0.31 3.76 23 X Y 200810200127A
177.85 -36.87 130 0.09 -0.61 0.52 -0.18 0.43 0.42 24 X Y 200812172034A
163.48 -49.79 12 -0.46 5.84 -5.38 0.67 -0.12 0.24 23 X Y 200812270700A
166.36 -45.38 17 0.29 4.07 -4.37 0.79 -1.80 -0.45 23 X Y 200907161727A
166.44 -45.24 24 0.34 6.05 -6.39 1.89 -1.42 -0.68 23 X Y 200907170639A
179.26 -35.82 68 0.43 -0.76 0.33 0.01 -0.48 0.42 24 X Y 200908211724A
159.58 -52.95 21 0.00 1.12 -1.12 0.04 0.02 0.49 25 X Y 200909230259A
179.92 -33.06 12 -0.91 -1.40 2.31 0.49 0.07 2.36 23 X Y 200910112147A
160.31 -52.23 24 0.09 0.95 -1.04 -0.28 0.11 0.62 25 X Y 200911050943A
163.71 -49.61 25 0.84 3.59 -4.43 1.46 -0.01 0.69 24 X Y 201001060948A
165.91 -30.27 12 0.06 1.41 -1.46 0.27 -0.22 0.48 24 X Y 201002241158A
177.42 -38.96 33 -1.85 -0.75 2.60 -1.26 1.62 4.81 23 X Y 201007111323A
172.12 -43.56 12 0.38 0.01 -0.39 0.49 0.01 -3.60 26 X Y 201009031635A
172.28 -43.56 12 0.39 0.89 -1.27 -0.14 0.48 -1.78 23 X Y 201009061124A
179.82 -36.87 19 -0.12 -1.04 1.16 0.01 1.17 1.11 24 X Y 201101131204A
163.47 -49.54 12 -1.17 4.46 -3.29 0.50 -0.36 -2.27 23 X Y 201101140648A
172.52 -43.60 12 1.09 0.60 -1.70 0.31 -0.27 -1.20 25 X Y 201102212351A
172.56 -43.50 12 0.33 1.31 -1.64 0.40 0.10 -1.76 24 X Y 201102220004A
172.55 -43.50 12 0.03 2.12 -2.15 0.50 0.83 -2.00 24 X Y 201102220150A
163.50 -49.71 12 -1.16 6.66 -5.50 0.75 -0.60 -0.41 23 X Y 201103041232A
163.35 -49.82 14 -0.18 1.23 -1.06 0.07 -0.08 -0.17 24 X Y 201103041546A
172.73 -43.59 12 1.22 0.32 -1.55 0.41 0.82 -3.53 23 X Y 201104160549A
172.31 -43.56 14 0.15 2.79 -2.94 0.38 1.75 -1.44 23 X Y 201105091504A
172.31 -43.49 12 -0.03 2.41 -2.37 -0.30 -0.12 -4.15 23 X Y 201106052109A
172.62 -43.49 12 0.08 0.67 -0.74 0.17 0.10 -0.36 24 X Y 201106130101A
172.62 -43.52 12 0.30 0.55 -0.84 0.25 -0.19 -0.75 25 X Y 201106130220A
172.85 -43.67 13 -0.27 2.21 -1.93 0.25 1.45 -0.83 23 X Y 201106141827A
172.44 -43.61 12 1.15 -0.23 -0.92 0.15 1.54 -6.81 23 X Y 201106211034A
160.85 -49.68 12 0.05 0.85 -0.90 0.33 -0.27 -0.75 24 X Y 201108301136A
163.20 -49.93 19 -0.08 1.05 -0.97 0.01 -0.11 -0.11 25 X Y 201109091926A
163.47 -49.74 21 -0.89 3.82 -2.92 -0.88 0.10 -0.93 23 X Y 201109301018A
172.70 -43.56 12 0.71 1.25 -1.96 0.38 0.94 -1.81 23 X Y 201110090734A
174.08 -41.38 69 -0.62 -0.70 1.32 3.30 2.70 4.29 23 X Y 201112030619A
172.74 -43.60 12 0.05 0.89 -0.95 0.32 1.39 -2.40 23 X Y 201112231737A
179.30 -34.16 19 -0.64 0.07 0.57 -0.59 0.13 2.69 23 X Y 201202090714A
176.09 -38.51 134 0.15 2.20 -2.35 1.23 -1.56 -0.11 23 X Y 201210190642A
179.18 -34.40 15 -0.55 -3.53 4.07 -0.08 0.34 1.06 24 X Y 201301082126A
160.49 -52.09 29 -0.19 3.01 -2.82 -0.74 0.38 1.42 23 X Y 201306191542A
174.17 -41.63 12 1.42 4.62 -6.05 -3.65 1.60 -1.95 25 X Y 201307210509A
174.32 -41.84 28 1.55 3.08 -4.64 -1.50 2.10 -1.43 23 X Y 201307212247A
174.04 -41.76 12 1.28 5.03 -6.31 -3.18 2.83 -3.02 25 X Y 201308160231A
173.93 -41.82 12 0.71 1.51 -2.22 -0.57 1.53 -1.05 24 X Y 201308160245A
174.00 -41.72 15 -0.68 5.17 -4.49 -1.37 3.91 -3.86 24 X Y 201308160309A
174.17 -41.76 17 2.73 2.41 -5.14 -3.26 3.47 -4.00 24 X Y 201308160531A
174.13 -41.68 17 0.17 0.92 -1.09 -0.38 0.60 -0.40 24 X Y 201308160655A
174.03 -41.77 19 -0.03 0.71 -0.69 -0.09 0.49 0.00 24 X Y 201308170858A
165.43 -47.16 22 -0.26 2.39 -2.12 0.71 -0.70 2.19 23 X Y 201308180446A
175.19 -39.40 116 0.77 3.39 -4.16 2.27 -2.34 -1.52 23 X Y 201406060346A
159.74 -52.80 24 -0.36 4.28 -3.92 -0.44 0.67 1.25 23 X Y 201406101122A
178.39 -35.72 12 -0.33 0.86 -0.53 0.30 -0.05 0.87 24 X Y 201409211502A
177.20 -36.76 17 -0.89 -0.90 1.78 0.30 -0.31 1.24 23 X Y 201411230157A
175.17 -49.53 20 1.54 1.76 -3.30 0.03 0.03 0.67 23 X Y 201412192258A
171.18 -42.98 12 -0.25 0.69 -0.44 -0.96 0.12 -2.70 24 X Y 201501051748A
164.24 -49.13 39 0.37 0.39 -0.75 0.40 -0.06 0.08 24 X Y 201501060014A
166.75 -45.43 93 1.26 3.86 -5.13 -2.15 0.78 -1.80 23 X Y 201501131140A
168.73 -44.42 14 0.18 0.69 -0.88 -0.97 0.26 -2.35 24 X Y 201505040229A
159.56 -52.01 12 0.06 0.40 -0.46 -0.79 -0.22 -3.08 24 X Y 201507011430A
163.47 -49.85 21 -0.52 3.86 -3.34 0.00 0.38 -0.77 23 X Y 201507090512A
159.44 -52.86 19 0.15 2.10 -2.25 0.14 1.02 0.99 23 X Y 201511170239A
172.54 -43.48 12 1.73 2.54 -4.27 0.41 -0.74 -2.35 24 X Y 201602140013A
176.56 -38.49 100 1.57 2.23 -3.79 1.68 -0.18 0.79 23 X Y 201605111344A
173.86 -42.28 12 1.70 1.27 -2.97 -0.58 2.69 -3.17 24 X Y 201611131928A
172.98 -42.30 12 0.08 0.44 -0.51 0.45 0.53 -0.49 24 X Y 201611132219A
173.07 -42.44 12 -0.14 3.29 -3.15 -0.42 -0.07 -3.45 25 X Y 201611140034A
174.22 -41.84 25 0.23 0.51 -0.74 -0.38 0.75 -0.72 24 X Y 201611140642A
174.25 -41.75 19 0.25 1.22 -1.48 -0.88 1.39 -0.96 24 X Y 201611140721A
173.69 -42.31 16 0.82 -1.14 0.31 0.12 0.48 -4.09 23 X Y 201611140949A
174.26 -41.73 18 0.29 1.13 -1.43 -0.75 0.40 -0.62 24 X Y 201611150134A
173.81 -42.18 19 0.22 0.29 -0.51 0.35 0.39 -0.67 24 X Y 201611150630A
174.47 -41.65 20 -0.30 2.44 -2.14 -0.39 1.52 -0.77 23 X Y 201611151953A
172.85 -42.85 12 0.38 0.47 -0.84 -0.44 0.32 -1.52 24 X Y 201611220513A
177.11 -37.05 202 1.44 2.54 -3.98 -0.99 2.44 -1.12 23 X Y 201611221938A
174.10 -41.69 17 0.06 0.75 -0.80 -0.47 0.50 -0.37 24 X Y 201612040315A
174.33 -41.55 15 0.12 0.72 -0.84 -0.33 0.24 -0.06 24 X Y 201612290234A
172.67 -42.62 12 0.05 1.08 -1.13 -2.16 0.20 -2.26 23 X Y 201702112018A
165.43 -47.52 18 -0.23 1.72 -1.49 0.51 -0.30 1.16 23 X Y 201702240946A
177.77 -38.39 31 0.80 1.24 -2.03 0.72 2.49 3.27 23 X Y 201704190308A
178.57 -35.60 18 -0.69 -1.61 2.30 0.53 -0.19 1.89 23 X Y 201707241504A
161.65 -50.98 27 1.61 2.10 -3.72 1.42 0.07 2.55 23 X Y 201708052242A
162.26 -50.51 22 0.01 1.85 -1.87 0.26 -0.33 0.18 25 X Y 201709200143A
179.10 -37.05 37 -0.58 -0.96 1.54 1.70 0.55 3.33 23 X Y 201709300634A
173.43 -42.32 19 0.91 2.46 -3.37 -0.67 2.69 -2.69 23 X Y 201710220410A
177.49 -36.19 15 -0.08 1.62 -1.54 -0.05 0.05 0.02 24 X Y 201711220742A
163.26 -49.78 25 -0.35 2.49 -2.14 0.52 0.23 -0.55 23 X Y 201802131934A
178.84 -37.32 36 -1.55 -1.14 2.69 0.94 -0.51 2.31 23 X Y 201804091214A
175.46 -39.48 63 -1.08 3.55 -2.47 0.63 -1.92 -0.50 23 X Y 201807102143A
159.85 -52.84 26 0.24 2.08 -2.32 -1.32 1.44 1.05 23 X Y 201810220108A
163.33 -49.79 22 -1.19 5.80 -4.62 -0.06 0.38 -0.78 23 X Y 201811051954A
165.08 -47.80 12 0.06 0.99 -1.05 1.06 -0.79 6.01 24 X Y 201811242342A
165.11 -47.73 13 -0.06 1.95 -1.89 1.04 -1.26 7.82 23 X Y 201811260957A
165.10 -47.68 12 -0.45 1.62 -1.16 0.47 -0.68 2.20 23 X Y 201811281300A
165.26 -47.89 19 -0.11 -0.20 0.31 0.31 0.46 2.59 23 X Y 201901030325A
165.50 -48.17 15 0.16 5.63 -5.79 1.48 -1.72 0.94 23 X Y 201908040011A
163.88 -49.61 23 0.99 3.22 -4.21 1.10 -0.30 0.77 24 X Y 201908041144A
177.51 -38.30 43 -0.78 3.77 -2.99 0.22 2.12 7.08 23 X Y 201910070329A
176.68 -37.53 288 0.31 0.03 -0.34 0.44 -0.30 -0.71 24 X Y 202002040947A
161.68 -50.18 31 0.47 1.08 -1.55 -0.02 0.31 -1.98 23 X Y 202002070820A
177.28 -37.60 104 0.78 -2.29 1.52 1.01 0.88 1.66 23 X Y 202003151422A
159.99 -52.67 20 -0.41 3.05 -2.64 0.12 0.69 0.91 23 X Y 202008222133A
177.13 -36.82 12 -0.93 -1.49 2.42 0.19 0.53 2.15 24 X Y 202008281547A
177.16 -36.90 21 -0.97 -0.48 1.45 0.39 -0.07 1.35 23 X Y 202009021945A
159.72 -52.97 24 -0.46 5.13 -4.67 -0.10 -0.25 2.59 23 X Y 202010040719A
159.80 -52.95 26 -0.38 2.61 -2.22 -0.58 1.10 0.84 23 X Y 202010042225A
159.67 -52.99 17 -0.05 3.70 -3.65 -0.03 -0.36 2.05 24 X Y 202011130912A
165.45 -47.41 15 -0.17 3.58 -3.41 1.03 -1.10 2.27 23 X Y 202011211800A
179.86 -37.36 54 0.37 -1.04 0.67 0.01 0.06 -0.22 27 X Y 202103041327A
176.74 -37.96 153 0.79 4.02 -4.81 2.82 1.76 0.14 23 X Y 202103221815A
180.06 -31.09 341 -0.70 -0.75 1.45 -0.48 1.13 1.22 24 X Y 112177C
180.33 -38.29 33 -0.16 -0.90 1.06 -0.35 -0.19 0.46 24 X Y 102979A
180.45 -30.72 15 -0.73 -0.59 1.32 1.86 1.54 4.08 24 X Y 051881C
180.36 -31.17 15 -0.31 0.41 -0.10 1.14 -0.46 2.06 24 X Y 091482C
180.49 -31.06 10 -0.13 0.14 -0.02 0.19 -0.04 1.20 25 X Y 102883A
180.57 -32.01 65 0.77 1.22 -1.98 0.01 0.91 -1.07 24 X Y 040385C
180.9 -34.42 79 -0.04 -4.52 4.56 1.92 0.08 3.70 23 X Y 112689B
180.66 -31.50 15 0.08 -1.88 1.80 0.12 -0.19 4.44 25 X Y 090793A
183.3 -33.06 33 -1.16 -3.23 4.38 4.40 0.89 0.86 23 X Y 101894B
181.61 -33.60 53 0.17 -1.56 1.39 -0.16 0.09 0.76 24 X Y 070798C
180.87 -32.67 130 -0.42 0.49 -0.07 2.42 4.59 -5.74 23 X Y 050699D
181.47 -33.34 33 -1.01 -0.15 1.16 0.53 2.99 -4.72 23 X Y 090599A
180.89 -37.63 15 -0.99 -3.06 4.04 0.54 3.15 2.67 23 X Y 082201F
181.2 -31.60 108 2.14 -4.47 2.33 -1.57 5.68 -3.39 23 X Y 050103D
180.68 -33.03 121 0.21 -0.68 0.47 -0.59 1.04 -1.79 24 X Y 052703C
181.81 -30.14 87 0.07 0.57 -0.64 -0.18 0.27 -0.52 24 X Y 080303A
180.66 -30.91 15 -0.47 -0.55 1.01 0.65 2.44 4.21 23 X Y 082903I
180.94 -30.53 15 -0.06 0.34 -0.27 0.17 -0.05 1.07 25 X Y 111103A
180.86 -30.45 15 -0.01 0.09 -0.08 0.22 -0.20 1.40 25 X Y 111103B
180.56 -30.85 15 0.12 -3.31 3.20 0.37 1.23 3.81 23 X Y 111503D
182.02 -34.85 38 0.06 -4.41 4.35 2.28 0.22 -5.06 24 X Y 122503B
182.58 -30.79 42 0.80 1.16 -1.95 0.30 0.88 -1.06 23 X Y 022504A
181.05 -31.13 24 0.26 -0.61 0.35 0.16 -0.79 2.99 24 X Y 110204G
180.33 -34.64 85 0.39 -2.48 2.09 0.08 0.72 -0.11 23 X Y 200507290140A
180.25 -32.52 160 -0.25 -2.30 2.55 -1.70 -0.31 0.11 23 X Y 200510020805A
182.52 -31.60 33 0.69 -0.68 -0.01 -0.05 0.55 1.07 24 X Y 200708191644A
180.15 -30.69 421 -0.64 -1.36 1.99 -1.10 -0.91 -0.11 25 X Y 200709250515A
180.79 -31.61 151 -2.75 -2.07 4.82 -2.99 1.03 2.53 23 X Y 200811100952A
180.35 -38.57 12 -1.17 -0.18 1.35 0.69 0.65 4.02 23 X Y 201002091021A
183.26 -31.05 52 0.48 -0.41 -0.07 0.10 -0.43 -0.79 24 X Y 201004030135A
180.04 -37.69 15 -2.60 1.58 1.02 0.19 1.35 4.05 24 X Y 201207210454A
181.08 -31.36 94 2.26 -3.63 1.37 -0.56 -1.93 4.22 23 X Y 201207260238A
180.91 -31.43 12 -2.32 -0.68 3.00 1.53 0.75 7.18 23 X Y 201308241547A
180.51 -30.08 351 -0.62 -0.60 1.22 -0.52 0.01 0.05 24 X Y 201311182223A
182.11 -30.25 48 -0.75 1.82 -1.07 0.56 -1.64 2.50 23 X Y 201709172222A
180.62 -30.91 263 -0.39 -0.57 0.97 -0.37 0.15 0.21 24 X Y 201805180451A
180.6 -33.09 23 0.86 -2.61 1.75 -0.17 -0.88 2.46 24 X Y 201806010452A
180.69 -39.13 18 -1.00 -1.36 2.36 0.40 1.54 5.53 23 X Y 201811032003A
181.06 -30.83 13 -0.37 -1.38 1.74 0.99 0.02 4.91 24 X Y 201904160922A
181.11 -30.83 15 -0.96 -1.01 1.97 1.02 -1.40 4.24 24 X Y 201904160939A
180.78 -30.34 12 -0.43 0.44 -0.01 0.57 -0.77 3.19 25 X Y 201906271104A
180.83 -30.31 13 -1.91 1.63 0.28 2.75 -1.76 4.08 23 X Y 201907080609A
180.81 -30.15 16 -1.09 0.82 0.26 1.40 -1.09 2.71 23 X Y 201907201311A
182.45 -33.39 37 -0.36 -0.99 1.34 -0.67 -0.29 -0.68 27 X Y 202006181249A
180.46 -32.39 12 -2.64 -0.86 3.50 -0.64 0.60 4.32 23 X Y 202009021705A
181.35 -32.84 28 1.03 -3.23 2.20 -2.29 -3.16 2.18 23 X Y 202009131147A
180.48 -30.45 346 -0.32 -0.47 0.80 -0.66 0.04 0.74 24 X Y 202101081141A
