180.59759236857644 -31.266168521874054 0 -0.034079999999999985 -0.15003 0.18430999999999997 0.12738999999999998 -0.03674999999999999 1.0640900000000002 26.0 1.1E+26
182.11906949991493 -31.625633967826914 0 3.092241999999999 -0.2020749999999999 -2.889522000000001 0.4178249999999996 2.071648000000002 -0.9650970000000006 27.0 3.7E+27
183.63806650385476 -32.247715762247616 0 -1.35783 -0.28507999999999994 1.6428799999999997 -0.22368999999999986 -0.36555 0.09842999999999999 26.0 1.7E+26
179.71287551627202 -33.101447698104224 0 -2.209400000000001 0.7534000000000001 1.4566999999999999 1.0706000000000002 0.41679999999999995 2.340399999999999 25.0 3.6E+25
180.63183776674347 -34.39614842765087 0 2.4599399999999996 -0.12204 -2.3377399999999997 0.3832400000000003 2.1824 -1.0353800000000004 26.0 3.3E+26
182.39013420042306 -34.418342307388734 0 -0.23221799999999998 -1.1121230000000002 1.3343590000000003 -0.6150920000000001 -0.3261130000000001 -0.881443 27.0 1.6E+27
178.6879456438354 -35.01377459998482 0 -0.8533999999999999 -0.6183 1.4815999999999998 1.7756 2.6395 4.8436 25.0 6.7E+25
179.83413558647322 -36.852402075345076 0 -0.12085300000000015 -1.0873200000000003 1.2081839999999997 0.5705640000000002 0.5882510000000001 0.18600199999999992 27.0 1.5E+27
177.4586949509153 -36.81386209169595 0 -1.5288599999999999 0.8346000000000001 0.6843600000000001 0.3020899999999999 1.2236299999999998 2.5925799999999994 26.0 3.6E+26
176.1041472000926 -38.47500213584914 0 -1.3120000000000003 0.914 0.3980000000000001 0.781 0.8690000000000001 0.8490000000000001 24.0 1.9E+24
177.50344484031257 -38.380365166328424 0 -0.22939999999999988 -0.08550000000000002 0.316 3.2862999999999993 2.3606 3.7922999999999996 25.0 6.3E+25
178.5691537627849 -38.6757245874463 0 -1.38682 0.7268399999999999 0.65998 0.004390000000000006 0.18295999999999996 0.8656400000000001 26.0 1.6E+26
175.70482319792725 -40.89180163397341 0 -3.189 2.1247 1.0653000000000001 2.5416 5.0375 2.5524 25.0 7.0E+25
173.19093554367603 -42.145974703770236 0 3.5819270000000003 1.862586 -5.444624999999998 -1.2096779999999998 4.409390999999999 -2.1344210000000006 27.0 6.3E+27
172.4675573715551 -42.78095237046605 0 0.8353000000000003 0.35519000000000006 -1.1902700000000002 0.4582800000000001 -0.20587000000000008 -1.4155200000000001 26.0 1.5E+26
171.06665703906583 -44.92446278055905 0 0.6272 0.2596399999999999 -0.88762 0.57048 -0.15665 -4.1221299999999985 26.0 3.9E+26
168.32358302457536 -45.332516971856364 0 3.1697680000000004 0.7622150000000001 -3.9319929999999994 2.577204 -3.820958 -0.058102 27.0 5.9E+27
166.06022523471614 -45.598165930688964 0 1.8519520000000005 -0.23199100000000003 -1.6198520000000005 0.1324359999999999 -1.9007800000000006 -0.841811 27.0 2.8E+27
164.93241677414872 -47.943953174907584 0 0.4204999999999998 1.5151 -1.9363999999999997 -0.09150000000000001 -0.7908999999999999 0.9583999999999999 25.0 1.8E+25
163.20615191441928 -49.670302368893395 0 0.21606910000000001 1.1671126000000003 -1.3839936000000008 0.5562364999999999 -0.430143 -1.1188846999999995 28.0 1.9E+28
159.6421837227875 -52.19973026132803 0 0.1055914 1.2005868 -1.2960774000000002 0.5308539000000001 -0.1168734 0.36415460000000016 28.0 1.4E+28
