174.29 -41.76 26 -8.15 5.14 3.01 6.27 9.27 8.17 24 X Y 011877A
179.78 -31.65 352 -0.64 -0.49 1.12 -0.36 -0.24 0.11 24 X Y 031477B
171.48 -43.33 10 1.78 -2.14 0.36 -0.56 -5.65 -3.59 23 X Y 051177A
176.58 -37.71 15 -2.69 0.33 2.37 1.81 0.34 2.62 23 X Y 041979B
174.71 -39.94 131 -4.83 1.67 3.15 0.96 -3.89 -1.80 23 X Y 061779A
179.43 -32.07 455 -1.41 -0.17 1.58 -1.74 0.42 0.12 25 X Y 110879A
178.30 -34.66 188 -1.24 0.37 0.87 -1.72 -2.71 -2.02 23 X Y 063080A
176.49 -39.73 21 -2.60 0.23 2.37 0.68 -1.08 1.91 24 X Y 100580A
177.78 -38.28 33 -2.91 0.78 2.13 -2.53 -4.99 3.46 23 X Y 112480B
178.19 -38.05 15 -0.45 0.08 0.37 -1.71 -1.46 0.61 24 X Y 112580A
177.30 -37.31 20 -2.12 -0.55 2.67 4.94 0.97 5.51 24 X Y 030581A
163.79 -49.48 15 3.53 3.35 -6.88 6.84 -0.99 1.90 24 X Y 032681D
179.07 -32.76 212 -4.55 1.54 3.01 -1.85 -1.05 -3.10 23 X Y 081981B
179.30 -31.52 425 -1.16 -0.96 2.12 -1.15 -0.11 0.67 24 X Y 010782C
175.48 -41.15 15 -8.38 6.03 2.35 4.87 5.18 7.42 23 X Y 020582A
179.73 -31.57 232 -7.26 -1.08 8.35 -6.97 -5.93 6.88 23 X Y 030582A
177.68 -39.55 26 -0.86 0.40 0.46 0.38 1.13 1.05 24 X Y 090282A
179.51 -33.70 15 -0.53 0.18 0.35 0.80 -0.17 1.02 24 X Y 050483A
179.95 -33.15 10 -2.09 0.03 2.06 4.25 1.96 4.06 24 X Y 050583A
179.82 -36.66 15 -1.84 -1.01 2.84 7.48 -6.87 1.06 23 X Y 102683B
173.68 -40.41 94 -0.54 3.16 -2.62 3.60 5.63 0.17 23 X Y 010384A
177.62 -36.31 10 -3.04 1.68 1.36 -0.53 -0.90 1.83 24 X Y 122884C
177.62 -36.25 10 -1.58 0.71 0.87 -0.68 -0.60 1.89 24 X Y 123084A
177.59 -36.37 10 -1.57 0.86 0.71 -0.44 0.75 0.78 24 X Y 123084B
177.53 -36.33 10 -3.63 1.95 1.68 0.64 1.29 4.09 24 X Y 123084C
177.58 -36.28 10 -1.91 0.89 1.02 -0.64 -0.34 1.66 24 X Y 010685B
177.48 -36.30 10 -2.59 1.25 1.34 -0.85 -0.44 2.62 24 X Y 010885A
179.84 -37.55 10 -1.76 0.50 1.27 1.26 0.30 1.42 25 X Y 050685C
179.65 -37.61 12 -2.44 0.46 1.98 1.36 0.65 1.82 24 X Y 062885B
177.01 -38.88 40 -3.98 -0.16 4.15 6.26 8.74 3.50 24 X Y 071985A
176.29 -38.45 33 -2.25 1.17 1.08 4.33 6.00 0.70 23 X Y 110185A
179.71 -31.07 433 -5.34 1.70 3.64 -1.90 -3.21 -1.05 23 X Y 120586D
177.03 -37.82 15 -5.14 2.27 2.87 2.27 1.72 3.81 25 X Y 030287A
178.69 -33.94 262 0.49 2.53 -3.02 -2.45 8.87 -4.26 23 X Y 031187A
176.69 -36.95 360 0.33 0.55 -0.88 0.61 -1.02 -0.67 24 X Y 032287C
178.68 -41.11 34 -3.07 0.35 2.72 1.77 1.96 3.33 23 X Y 070387E
179.76 -32.25 15 -6.00 2.16 3.84 0.55 -0.90 5.04 23 X Y 011388E
179.99 -31.62 15 -1.85 0.98 0.87 0.75 0.55 2.04 24 X Y 011388F
178.85 -38.85 16 -1.08 -0.24 1.32 -0.13 0.79 1.16 24 X Y 041288A
179.08 -36.35 53 1.92 -5.47 3.54 -1.96 6.67 3.35 23 X Y 060288A
167.05 -44.82 62 0.10 -0.18 0.08 -1.06 0.40 -0.47 26 X Y 060388B
159.10 -51.90 15 -6.11 9.70 -3.60 -0.06 3.59 -5.06 24 X Y 052589A
159.14 -52.74 15 0.05 2.54 -2.59 1.53 -2.70 -1.14 24 X Y 111589B
176.09 -40.76 32 -1.28 0.95 0.33 0.92 1.73 1.44 25 X Y 021990A
176.78 -36.85 210 0.21 -0.69 0.48 1.25 2.12 -0.23 24 X Y 032290A
179.23 -32.16 353 -1.07 8.50 -7.43 -6.64 9.84 -5.64 24 X Y 052090C
176.28 -40.56 32 -5.26 4.71 0.55 1.58 1.71 3.07 23 X Y 081590B
179.66 -31.63 370 -3.26 -0.80 4.07 -2.31 3.06 0.85 24 X Y 021291A
163.92 -49.83 15 0.64 0.71 -1.35 -0.81 0.41 -0.08 24 X Y 022391C
179.46 -31.07 413 -0.99 -0.09 1.08 -0.32 -0.50 0.43 24 X Y 060491A
178.78 -36.46 83 -0.97 -0.04 1.01 -0.06 0.91 0.65 25 X Y 112091C
167.91 -44.18 15 3.61 -2.39 -1.22 7.80 -2.01 -6.31 23 X Y 112991C
176.29 -40.65 30 -0.72 0.50 0.22 1.27 1.62 1.05 24 X Y 030292C
178.84 -34.87 162 -1.16 0.39 0.76 -0.36 -0.67 0.72 24 X Y 031692D
176.94 -37.46 15 -2.22 1.87 0.35 1.09 -0.16 1.14 25 X Y 062192G
178.89 -35.86 110 0.29 0.49 -0.79 -1.07 -2.62 0.60 25 X Y 081393B
178.47 -35.42 15 -1.78 2.01 -0.23 -0.47 -0.87 1.53 24 X Y 082693A
179.37 -33.27 223 -5.92 -1.25 7.17 2.89 1.50 2.47 23 X Y 031294C
179.46 -33.84 16 -2.23 1.06 1.17 0.60 0.65 1.61 24 X Y 090694A
179.13 -35.08 33 -3.00 2.14 0.86 6.77 7.74 3.53 23 X Y 100794E
179.82 -31.84 226 -3.34 -0.35 3.68 -1.64 -0.81 -0.20 25 X Y 122794C
179.40 -37.61 15 -4.77 1.23 3.54 1.49 2.15 3.09 26 X Y 020595D
179.20 -37.65 15 -2.13 0.72 1.41 1.79 1.69 1.22 24 X Y 020695B
179.33 -37.73 15 -7.24 1.13 6.11 -2.05 -1.96 4.93 24 X Y 020695C
179.24 -37.70 15 -4.07 0.97 3.10 1.61 4.67 2.60 24 X Y 020695D
179.36 -37.66 15 -1.97 0.28 1.69 -1.10 0.23 1.72 24 X Y 020695F
179.18 -37.64 15 -4.87 2.36 2.51 4.37 3.67 2.78 23 X Y 020795A
179.31 -37.03 15 -5.87 -0.22 6.09 1.03 3.64 1.31 23 X Y 020895D
179.16 -37.89 15 -1.93 0.39 1.54 0.87 3.80 1.14 24 X Y 020995D
179.28 -37.86 15 -7.88 1.07 6.81 3.23 4.42 4.36 23 X Y 020995E
179.17 -37.89 15 -5.82 1.52 4.30 0.19 -1.25 2.82 25 X Y 021095B
179.49 -37.76 15 -7.81 2.48 5.33 8.75 9.47 4.00 23 X Y 021295B
179.44 -37.35 15 -9.14 3.07 6.08 -1.07 7.17 3.40 23 X Y 021595B
178.76 -37.62 15 -4.84 4.05 0.79 3.19 3.71 2.70 23 X Y 021595E
179.53 -37.38 15 -4.94 -0.49 5.42 3.43 -1.65 2.33 23 X Y 022795B
174.86 -38.76 216 2.62 6.83 -9.45 6.00 -7.36 -4.12 23 X Y 092596D
179.59 -34.35 110 -0.72 0.09 0.62 -1.02 -2.46 0.28 24 X Y 110996D
165.96 -47.43 33 -5.25 4.90 0.35 -1.17 -3.63 -4.40 23 X Y 052697A
179.47 -35.10 105 -3.02 -2.88 5.90 0.85 7.60 -0.42 23 X Y 080497F
173.34 -41.19 79 1.83 4.28 -6.11 1.40 5.19 2.04 23 X Y 112997E
179.59 -33.59 27 -4.02 0.59 3.43 -0.56 0.21 4.71 23 X Y 071498A
173.40 -41.28 60 -3.19 0.73 2.47 3.95 5.85 -0.12 23 X Y 010399A
175.29 -38.47 276 -3.98 2.04 1.94 2.19 -0.99 -1.71 24 X Y 051899E
175.47 -40.93 46 -3.26 1.67 1.59 4.68 5.72 2.61 23 X Y 032900C
176.09 -38.88 68 0.77 4.05 -4.82 8.24 -3.35 0.30 23 X Y 080800B
178.90 -38.03 46 -6.23 -0.57 6.80 4.03 6.48 3.83 23 X Y 123100D
180.00 -31.09 361 -6.12 1.10 5.03 -3.49 -1.12 3.39 23 X Y 032701B
179.01 -40.13 24 -2.71 -0.19 2.89 -0.24 3.79 2.30 23 X Y 062502C
176.13 -40.44 38 -4.96 1.74 3.22 0.84 -2.12 6.03 23 X Y 012503B
179.29 -37.70 49 -1.13 -0.17 1.30 0.00 0.78 1.60 24 X Y 021203B
176.07 -40.60 55 -4.87 2.92 1.95 -1.95 -3.13 2.41 23 X Y 080303D
166.73 -45.60 15 -1.61 2.45 -0.84 -1.65 0.06 0.47 24 X Y 093003L
179.92 -31.57 356 -3.79 -0.44 4.22 -1.16 -1.29 -0.73 24 X Y 020104B
178.30 -37.93 21 -2.76 0.40 2.36 0.85 -1.08 0.42 23 X Y 051104D
179.76 -34.15 111 -1.57 2.47 -0.90 -0.49 -5.28 0.41 23 X Y 113004A
175.16 -41.21 31 -0.86 0.69 0.17 -0.28 0.14 0.46 24 X Y 200501201856A
175.79 -41.56 18 1.22 -1.10 -0.12 -0.22 3.61 -2.64 23 X Y 200501311731A
173.66 -40.17 153 -0.44 0.73 -0.29 0.82 -0.97 -0.20 24 X Y 200503131508A
169.97 -44.39 12 0.25 0.21 -0.46 -0.37 1.99 -1.79 23 X Y 200504020207A
178.82 -34.81 220 -0.65 0.01 0.64 -0.54 -0.38 -0.51 24 X Y 200506142233A
164.33 -49.13 24 0.58 0.62 -1.20 0.86 -0.07 0.30 24 X Y 200511061328A
173.42 -40.56 185 -2.18 -2.05 4.23 -0.73 -0.73 1.03 23 X Y 200602151215A
179.70 -31.35 454 -1.39 -2.02 3.41 -2.15 -1.97 -0.46 24 X Y 200608020047A
179.93 -31.55 428 -1.72 -0.82 2.54 -1.50 -1.39 0.17 24 X Y 200704170316A
172.82 -41.98 64 0.01 0.48 -0.50 1.36 0.28 1.08 24 X Y 200710031915A
167.21 -44.59 27 1.40 1.37 -2.77 0.73 -1.81 -1.59 23 X Y 200710161638A
164.27 -49.22 35 0.41 0.42 -0.83 0.54 -0.09 0.24 24 X Y 200712051807A
178.82 -35.15 16 -2.72 0.74 1.98 1.25 -0.25 2.98 23 X Y 200712141803A
178.40 -38.92 30 -0.76 0.57 0.19 -0.06 0.21 0.56 26 X Y 200712200755A
179.57 -32.60 360 -1.25 -0.66 1.91 -2.15 2.91 -0.29 24 X Y 200803280639B
179.80 -33.66 154 -4.33 -0.63 4.96 -2.03 5.03 4.89 23 X Y 200805170223A
179.95 -33.22 12 -2.25 1.59 0.65 0.90 0.13 1.37 24 X Y 200806110230A
179.74 -32.75 12 -3.36 1.28 2.07 1.07 -0.20 4.35 23 X Y 200807042126A
176.91 -39.67 26 -1.27 -0.07 1.34 0.28 -0.63 0.65 24 X Y 200808251125A
179.80 -32.98 254 -3.14 -0.95 4.08 -1.53 4.76 0.78 23 X Y 200903181623A
178.58 -38.66 14 -2.56 0.88 1.68 0.86 0.72 1.26 23 X Y 200904081112A
178.35 -36.69 88 -1.81 0.47 1.34 -0.20 2.09 2.10 23 X Y 200907122301A
179.07 -36.89 17 -2.44 -1.05 3.50 0.33 -0.64 0.40 23 X Y 200907251746A
165.72 -46.01 13 -3.09 1.10 1.98 -0.24 -0.05 1.68 23 X Y 200908171656A
179.26 -35.82 68 0.43 -0.76 0.33 0.01 -0.48 0.42 24 X Y 200908211724A
179.66 -31.47 437 -0.83 -0.87 1.70 -1.38 -0.75 0.37 25 X Y 200911222247A
179.87 -32.98 12 -3.63 -1.60 5.23 -0.22 -0.98 3.06 23 X Y 201001251408A
179.94 -32.90 205 0.10 -0.07 -0.02 -0.32 0.83 -0.69 25 X Y 201006171306A
179.93 -31.29 391 -1.12 -0.33 1.45 -0.71 -0.02 0.37 24 X Y 201008010725A
176.45 -38.24 150 -2.19 3.37 -1.18 -2.15 -2.59 -0.44 23 X Y 201101180845A
177.92 -42.20 28 -3.11 2.32 0.79 -0.54 -0.72 0.69 23 X Y 201104070716A
178.31 -35.75 14 -1.20 0.67 0.53 0.25 0.04 0.58 24 X Y 201107091440A
179.99 -37.44 28 -3.48 1.94 1.54 0.99 -1.09 1.11 23 X Y 201109011858A
179.58 -33.90 12 -4.66 2.00 2.67 2.15 0.89 2.13 23 X Y 201109060710A
179.46 -33.86 12 -1.34 0.52 0.83 0.59 0.44 0.75 24 X Y 201109061051A
179.53 -33.92 12 -3.62 1.28 2.34 1.31 0.10 2.02 23 X Y 201109061310A
179.74 -37.52 12 -0.84 0.22 0.62 0.09 0.09 0.45 24 X Y 201111180243A
179.64 -37.49 12 -1.68 0.44 1.24 0.24 0.74 0.78 24 X Y 201111180434A
179.62 -37.51 12 -4.66 1.52 3.14 0.35 2.31 2.25 24 X Y 201111180751A
179.98 -37.47 12 -3.34 0.33 3.01 -1.30 -4.23 1.29 23 X Y 201111211938A
173.63 -40.05 230 0.37 0.88 -1.25 2.80 -2.07 0.31 25 X Y 201207031036A
175.74 -39.11 104 1.03 2.38 -3.41 1.26 -2.25 -0.01 23 X Y 201207070050A
179.15 -34.71 160 -2.92 -0.90 3.82 -5.64 -4.23 1.32 23 X Y 201301151904A
178.50 -35.52 194 -2.42 -0.28 2.71 -2.40 -2.25 0.17 23 X Y 201305280659A
174.29 -41.61 15 0.54 0.52 -1.06 -1.09 2.80 -1.75 23 X Y 201307281307A
175.80 -40.67 24 -1.54 0.90 0.64 1.33 2.75 0.79 25 X Y 201401200252A
179.62 -33.53 18 -1.78 0.06 1.72 0.78 -0.62 0.69 23 X Y 201404081550A
178.86 -35.03 18 -2.67 0.95 1.71 1.22 -0.08 1.35 23 X Y 201406131128A
179.56 -31.72 439 -1.15 -0.14 1.29 -1.06 -0.56 0.46 24 X Y 201407190615A
178.40 -35.66 14 -2.68 3.77 -1.09 2.72 1.58 3.42 23 X Y 201409211505A
176.42 -38.45 122 0.94 3.09 -4.03 5.07 -2.27 2.22 23 X Y 201410060114A
179.74 -37.51 21 -1.08 0.30 0.77 0.24 0.45 0.78 26 X Y 201411162233A
179.59 -33.71 15 -2.47 0.31 2.16 0.19 0.86 1.23 23 X Y 201502060306A
179.48 -34.07 222 -0.31 0.41 -0.10 -0.25 0.62 -0.57 24 X Y 201502081522A
179.97 -37.36 17 -5.45 1.51 3.94 3.44 -0.50 2.55 23 X Y 201502170556A
177.41 -36.45 12 -5.26 2.14 3.12 0.83 0.58 2.86 23 X Y 201502231025A
177.35 -36.50 12 -1.08 0.61 0.47 0.36 0.30 0.63 24 X Y 201502251933A
177.40 -36.45 14 -3.34 1.47 1.86 0.74 1.30 1.75 23 X Y 201502281418A
173.07 -42.02 48 -0.18 0.74 -0.56 0.57 0.74 0.50 25 X Y 201504240336A
175.96 -39.60 30 -0.25 0.35 -0.11 1.35 1.14 -0.12 24 X Y 201511010542A
173.14 -41.91 52 0.34 1.52 -1.87 5.84 -1.48 4.24 23 X Y 201602090039A
179.77 -32.97 249 -0.55 -0.78 1.34 -0.94 1.38 0.48 24 X Y 201603291103A
175.32 -41.05 29 -1.77 1.50 0.27 0.94 2.39 0.90 23 X Y 201605111955A
179.18 -31.60 509 0.17 0.11 -0.28 -0.99 -0.15 -0.55 24 X Y 201606210751A
179.05 -37.09 27 0.00 -1.32 1.32 4.79 4.10 0.26 24 X Y 201608312204A
179.03 -37.19 28 -2.21 -0.34 2.56 2.91 3.18 1.08 26 X Y 201609011637A
178.88 -37.37 37 -7.17 1.92 5.25 2.38 -0.12 3.20 24 X Y 201609011918A
178.69 -37.50 18 0.05 -1.00 0.95 3.82 5.98 -1.77 24 X Y 201609012006A
178.79 -37.43 25 -0.48 -0.25 0.73 0.93 0.70 0.22 24 X Y 201609030430A
178.87 -37.44 22 -5.12 0.38 4.74 1.60 3.91 0.97 23 X Y 201609031330A
179.05 -37.15 32 -4.61 2.12 2.50 1.31 1.96 2.33 23 X Y 201609040619A
178.93 -37.40 29 -1.03 -0.63 1.66 2.14 1.50 0.29 23 X Y 201609042000A
178.82 -37.46 22 -5.06 -0.26 5.32 3.07 3.44 0.50 23 X Y 201609230556A
178.80 -37.23 26 -0.21 -0.59 0.79 2.88 4.61 -0.24 24 X Y 201610081941A
174.25 -41.75 19 0.25 1.22 -1.48 -0.88 1.39 -0.96 24 X Y 201611140721A
177.55 -38.82 25 1.43 1.05 -2.47 -1.07 1.30 -1.50 23 X Y 201611260721A
173.96 -41.84 21 -0.32 0.74 -0.42 -0.48 0.80 -0.51 24 X Y 201701051117A
173.75 -42.21 26 -0.95 2.61 -1.66 0.26 3.98 -0.62 23 X Y 201702011021A
179.12 -37.33 23 -2.43 0.66 1.77 0.57 -1.01 0.72 23 X Y 201702200753A
179.48 -33.80 18 -1.75 -0.18 1.92 0.66 0.77 1.35 23 X Y 201705271444A
177.29 -37.50 21 -3.70 3.27 0.44 1.04 1.62 1.30 23 X Y 201710310736A
177.31 -37.59 15 -4.49 2.68 1.82 1.27 6.53 1.57 23 X Y 201710312259A
178.61 -35.43 171 -3.80 1.14 2.65 0.04 -4.02 -2.37 23 X Y 201804131338A
176.70 -38.18 164 -0.17 3.74 -3.57 3.36 2.47 0.09 23 X Y 201809180136A
179.82 -31.58 351 -0.67 0.07 0.60 -0.46 -0.62 0.16 24 X Y 201904170503A
179.09 -37.09 47 -2.79 0.25 2.54 1.51 2.84 1.13 23 X Y 201904271810A
179.98 -34.72 110 -0.45 -0.67 1.12 -0.96 2.28 0.73 24 X Y 201905111606A
178.78 -39.33 21 -4.26 1.69 2.57 -1.46 3.67 2.62 23 X Y 201905141116A
179.68 -33.79 13 -2.43 2.07 0.36 1.84 0.58 3.61 23 X Y 201906202315A
179.57 -34.06 13 -1.24 0.73 0.51 0.09 -0.02 1.85 23 X Y 201907120016A
179.51 -34.05 12 -3.12 2.44 0.67 3.75 0.31 4.75 23 X Y 201907120717A
179.41 -34.16 27 -3.26 2.44 0.82 -0.47 1.76 1.54 23 X Y 201907120730A
176.01 -38.86 13 -4.24 2.83 1.41 -1.16 0.93 3.87 23 X Y 201909040702A
177.86 -39.09 20 -7.34 2.74 4.60 0.23 0.43 -1.90 23 X Y 201910010516A
178.13 -38.95 28 -5.29 1.13 4.16 0.05 4.32 3.75 23 X Y 201912092358A
179.61 -31.53 421 -0.78 0.31 0.47 -0.31 -0.10 0.17 24 X Y 202004071129A
174.98 -40.52 26 -0.47 1.14 -0.67 3.49 3.89 0.08 24 X Y 202005241953A
175.06 -40.43 48 -3.42 2.85 0.56 2.14 0.24 0.80 23 X Y 202005260034A
167.66 -44.38 21 0.86 1.27 -2.13 0.09 -1.60 -0.80 23 X Y 202006120729A
177.24 -36.78 17 -1.55 -0.26 1.81 -0.10 -0.53 1.60 23 X Y 202008290829A
177.31 -36.69 19 -1.82 0.86 0.96 1.01 -0.89 1.44 23 X Y 202008291245A
177.20 -36.78 12 -3.56 1.45 2.10 0.75 2.12 1.77 23 X Y 202008301326A
177.28 -36.65 13 -2.29 1.36 0.93 0.27 -0.33 1.06 23 X Y 202009120753A
175.02 -39.41 151 0.47 0.67 -1.15 3.29 -1.07 1.21 23 X Y 202011201243A
179.18 -31.78 483 -0.05 -0.82 0.87 -0.57 -1.45 -0.69 24 X Y 202011292145A
176.41 -38.20 20 -2.23 0.46 1.77 -1.23 1.56 0.69 23 X Y 202101241857A
176.47 -38.23 12 -5.17 0.63 4.54 -2.37 3.55 2.93 23 X Y 202101241912A
179.95 -37.46 13 -1.02 0.42 0.60 -0.62 -0.42 0.42 24 X Y 202103052133A
179.73 -37.43 12 -2.88 0.94 1.93 0.65 1.24 1.43 25 X Y 202103060016A
179.89 -37.41 12 -2.92 1.31 1.61 2.21 1.30 1.58 23 X Y 202103061948A
179.91 -37.37 12 -2.64 0.47 2.17 0.01 0.48 1.47 24 X Y 202103070453A
179.95 -37.33 14 -5.20 0.87 4.33 0.60 0.15 2.84 23 X Y 202103070819A
179.77 -37.45 18 -2.97 1.44 1.53 0.53 2.65 1.22 23 X Y 202103071825A
179.75 -37.77 12 -1.08 0.60 0.49 0.15 1.25 0.88 24 X Y 202103131154A
179.88 -37.51 13 -2.10 0.34 1.76 0.14 -0.26 0.68 23 X Y 202103221423A
179.78 -37.37 20 -2.40 0.98 1.42 0.28 0.90 0.73 23 X Y 202103250931A
179.66 -37.61 28 -1.46 0.29 1.17 0.67 0.09 1.34 25 X Y 202104050737A
179.68 -37.60 29 -5.01 0.82 4.18 1.57 1.83 2.89 24 X Y 202104290358A
178.75 -35.23 13 -1.81 1.51 0.30 0.85 -0.50 1.01 23 X Y 202105020007A
180.27 -30.03 340 -0.69 -0.35 1.04 -0.81 0.11 0.65 24 X Y 021378A
181.93 -34.80 15 -6.23 -3.06 9.28 -4.04 1.59 2.49 23 X Y 022779B
180.16 -30.39 319 -2.60 -1.06 3.66 -2.55 4.02 2.77 23 X Y 013181D
180.22 -30.43 441 -5.95 0.06 5.89 -1.55 1.74 -1.18 23 X Y 050381A
180.94 -30.36 185 -1.36 -0.67 2.03 -1.58 -1.14 -0.20 24 X Y 070481C
180.03 -37.01 15 -2.62 -0.47 3.09 -0.72 -1.46 2.19 24 X Y 120181A
180.79 -30.52 224 -1.79 0.05 1.73 -3.52 -0.35 -0.22 26 X Y 012683B
181.81 -32.92 13 -2.77 0.96 1.80 0.53 0.23 0.80 24 X Y 062583A
180.67 -30.71 139 -1.46 -2.03 3.49 -2.07 -9.89 0.67 23 X Y 062584A
180.0 -30.86 337 -1.11 -0.32 1.44 -1.19 0.48 1.38 24 X Y 072384C
181.06 -34.08 222 -1.88 -0.58 2.46 -0.26 -1.75 2.22 24 X Y 101184A
181.52 -30.42 92 -0.09 0.32 -0.23 -0.89 -2.79 0.06 24 X Y 101984D
183.71 -30.17 15 -1.80 -0.26 2.06 -0.23 0.29 0.60 25 X Y 031486D
181.79 -33.50 15 -1.28 -0.24 1.52 0.50 0.77 0.76 24 X Y 072286A
180.06 -31.73 231 -3.93 -1.53 5.46 -2.79 0.93 1.62 25 X Y 091386B
183.45 -30.98 15 -1.46 -0.09 1.55 0.32 -1.45 0.99 24 X Y 031387C
180.51 -30.39 231 -1.15 -2.22 3.37 -2.36 -6.44 -0.33 23 X Y 042087B
180.25 -32.29 15 -8.36 3.90 4.46 0.88 1.76 9.20 23 X Y 011388J
180.45 -32.26 15 -1.67 1.03 0.64 0.13 -0.38 1.35 24 X Y 011788A
180.1 -32.17 15 -8.33 3.95 4.39 2.51 -0.53 7.80 23 X Y 011888A
180.01 -31.08 342 -0.93 -0.28 1.21 -0.52 0.56 0.44 24 X Y 040288A
180.2 -33.62 33 -0.16 -0.38 0.54 0.55 1.73 -0.03 24 X Y 080488B
180.29 -31.48 194 -4.74 -1.87 6.60 0.04 -7.37 -1.28 23 X Y 092088A
180.3 -31.25 247 -1.82 0.16 1.66 -0.93 -0.31 0.20 24 X Y 111688A
180.09 -31.10 428 -1.13 -0.32 1.45 -0.15 -0.16 0.11 24 X Y 040289D
180.62 -32.39 105 0.03 -0.69 0.66 0.95 2.49 -0.20 24 X Y 101389B
182.0 -31.28 143 -0.34 0.04 0.30 0.40 1.43 -0.06 24 X Y 012590A
182.55 -33.22 15 -6.42 -1.06 7.48 -0.16 2.49 3.86 24 X Y 082190A
180.84 -33.58 59 -1.02 0.07 0.95 0.50 1.50 0.27 24 X Y 022092G
180.2 -30.98 398 -0.96 -0.77 1.73 -1.14 -0.60 0.28 25 X Y 080892A
182.36 -32.39 33 -6.32 -2.49 8.82 -0.80 1.76 2.57 23 X Y 101893B
183.3 -33.06 33 -1.16 -3.23 4.38 4.40 0.89 0.86 23 X Y 101894B
181.6 -31.80 15 -4.64 2.90 1.75 -3.81 4.82 1.51 23 X Y 060495A
180.55 -32.21 15 -5.72 1.63 4.10 1.65 1.55 3.74 24 X Y 020496D
180.02 -32.07 25 -1.85 1.03 0.81 0.03 -0.54 0.44 24 X Y 020496E
181.64 -35.17 15 -4.30 -0.60 4.90 -0.62 1.68 2.23 24 X Y 032296G
180.27 -30.95 367 -1.14 -0.24 1.38 -0.67 0.33 0.34 26 X Y 110596B
180.6 -30.46 370 -0.85 -0.76 1.61 -0.99 -0.66 -0.26 25 X Y 120196B
180.94 -31.70 119 -0.91 -1.35 2.26 -1.57 -1.12 0.50 26 X Y 050397C
180.05 -32.02 345 1.86 1.41 -3.27 -2.47 2.86 -2.17 26 X Y 052597D
184.7 -30.16 16 -1.01 -0.11 1.13 -0.22 0.88 0.30 24 X Y 031998D
180.84 -33.65 42 -7.78 -0.79 8.57 2.75 3.40 -0.08 24 X Y 041098E
180.51 -31.44 178 -0.63 0.16 0.47 -0.57 -1.16 0.22 24 X Y 042698A
182.22 -33.28 15 -5.82 -0.87 6.68 -0.46 1.24 0.99 23 X Y 050498E
181.29 -30.51 154 -1.29 0.39 0.90 -0.43 -2.02 0.47 26 X Y 070998D
182.28 -34.25 15 -2.68 0.30 2.38 2.18 7.32 2.09 23 X Y 070399D
183.44 -33.12 15 -1.14 -0.95 2.09 -1.25 0.23 0.27 24 X Y 071999D
180.81 -30.13 16 -6.70 1.68 5.02 -1.99 -3.86 0.40 23 X Y 031100B
180.92 -30.11 36 -6.85 0.53 6.32 0.35 -5.13 8.22 23 X Y 031600F
180.02 -31.07 394 -2.34 -0.87 3.21 -0.98 0.52 0.56 24 X Y 050800G
181.65 -30.76 138 -0.67 0.39 0.28 -0.31 1.20 -0.50 24 X Y 061100A
180.05 -31.42 367 -4.00 -2.83 6.83 -3.36 -5.71 -1.86 25 X Y 081500C
182.17 -30.14 54 -0.63 0.09 0.54 0.62 2.10 0.09 24 X Y 091600C
180.66 -36.91 15 -7.93 1.09 6.84 0.10 5.77 2.60 23 X Y 082201E
180.77 -36.52 15 -1.12 0.19 0.93 0.25 0.80 0.42 24 X Y 082401D
180.87 -36.53 15 -4.55 0.54 4.01 -0.89 -0.37 1.93 24 X Y 082401H
181.02 -36.53 17 -4.74 1.34 3.41 0.72 4.40 0.84 23 X Y 082701F
181.15 -36.62 15 -3.00 -0.23 3.22 0.98 4.41 0.84 23 X Y 082901C
180.43 -37.33 15 -1.81 -0.74 2.56 -0.64 -2.59 2.33 23 X Y 092201C
180.12 -36.92 15 -8.38 1.14 7.24 -1.93 -2.90 5.05 23 X Y 102201A
180.14 -36.79 20 -4.43 1.04 3.39 1.67 7.43 6.88 23 X Y 110101D
182.46 -31.41 15 0.65 3.46 -4.11 -3.59 -3.11 -2.77 23 X Y 110901E
180.91 -36.73 15 -2.07 0.91 1.16 0.90 1.94 1.45 24 X Y 031702J
180.59 -36.92 15 -1.11 -0.25 1.35 0.24 0.92 1.36 24 X Y 031702K
180.44 -30.69 364 -2.82 0.66 2.16 -4.89 -1.50 1.16 24 X Y 102302F
181.44 -30.82 128 -1.27 0.74 0.53 -1.68 -3.60 1.03 24 X Y 060503C
181.66 -31.26 61 -2.14 -0.00 2.14 1.27 1.06 0.40 23 X Y 061903C
181.73 -34.65 29 -2.81 -1.52 4.33 0.81 -1.33 2.24 23 X Y 012304H
182.23 -30.36 34 -0.05 -0.02 0.07 0.16 -1.72 0.72 24 X Y 031704H
182.1 -32.49 16 -5.36 -0.25 5.60 2.54 -4.53 -0.59 23 X Y 052604D
183.33 -30.90 12 -5.39 -2.20 7.58 -1.06 -1.23 0.72 24 X Y 053004H
181.53 -30.22 129 0.41 0.45 -0.86 -0.42 -2.29 0.88 24 X Y 061004L
180.48 -33.20 87 0.49 -4.04 3.56 -4.82 -3.73 3.70 23 X Y 070804E
180.49 -32.16 12 -0.87 0.25 0.62 0.01 -0.17 0.39 24 X Y 072004E
180.41 -32.23 12 -4.50 1.13 3.37 0.13 1.05 2.45 23 X Y 072204A
180.99 -33.65 39 -4.63 -0.45 5.08 -0.14 -2.22 1.55 23 X Y 082104A
180.96 -36.87 23 -2.53 0.95 1.58 -0.97 -0.59 0.99 23 X Y 090404D
180.53 -32.55 129 -1.67 -0.97 2.64 -1.48 -0.38 -0.15 24 X Y 091904B
181.4 -31.00 30 -2.79 0.89 1.90 0.36 -0.84 0.11 23 X Y 092704B
182.5 -33.91 15 -2.21 -1.21 3.42 1.02 -1.83 2.08 23 X Y 200502170620A
181.56 -32.71 12 -1.07 0.19 0.88 -1.49 -1.51 0.19 23 X Y 200504241143A
182.45 -33.05 86 -2.70 4.02 -1.33 0.70 2.42 -1.91 23 X Y 200507231218A
181.96 -34.68 12 -0.98 -0.00 0.98 -0.11 0.47 0.19 24 X Y 200511051528A
180.43 -31.46 230 -0.94 0.04 0.90 -0.25 -0.24 0.27 24 X Y 200511130234A
180.53 -37.67 24 -2.74 3.47 -0.73 -0.01 1.80 2.46 23 X Y 200606142033A
180.82 -31.39 168 -2.14 -0.94 3.08 -1.07 -3.68 0.50 23 X Y 200607041352A
180.84 -30.54 258 -0.59 -0.12 0.71 -0.32 -0.05 0.43 24 X Y 200607150857A
180.59 -33.19 17 -0.87 -0.03 0.90 0.37 0.09 0.29 24 X Y 200608091721A
180.83 -33.76 12 -0.64 -0.07 0.70 -2.11 -6.84 0.42 23 X Y 200608151444A
180.88 -31.25 187 -1.56 0.66 0.89 -1.61 -1.43 0.24 23 X Y 200611241915A
182.82 -32.06 12 -1.01 -0.13 1.13 0.07 -0.22 0.12 24 X Y 200702151023A
182.85 -32.09 12 -1.43 -0.24 1.67 -0.09 -0.55 0.24 24 X Y 200702151027A
181.89 -34.26 12 -3.31 -0.07 3.38 -0.10 -2.22 0.38 23 X Y 200707061558A
180.28 -31.01 298 -0.88 0.11 0.77 -0.17 -0.59 0.15 24 X Y 200708052038A
182.52 -31.60 33 0.69 -0.68 -0.01 -0.05 0.55 1.07 24 X Y 200708191644A
184.24 -31.56 21 -3.37 -1.53 4.90 -1.17 -0.58 0.58 23 X Y 200710290016A
182.13 -33.05 12 -0.78 -0.02 0.80 0.21 0.02 0.20 24 X Y 200710312206A
180.83 -33.71 43 -3.22 0.21 3.01 0.76 2.42 0.07 23 X Y 200711070909A
181.76 -30.93 108 -0.25 -0.91 1.16 -0.59 1.89 0.65 24 X Y 200807161709A
180.79 -33.30 63 -0.29 0.09 0.20 0.17 1.18 -0.08 24 X Y 200808240523A
180.08 -31.35 351 -0.44 -0.09 0.54 -0.90 -0.39 0.38 24 X Y 200809211850A
182.19 -30.87 86 -0.23 -0.92 1.15 -0.15 1.39 0.43 24 X Y 200810021303A
183.14 -31.91 26 -3.18 0.03 3.15 0.57 -0.24 0.91 23 X Y 200810220352A
183.46 -31.03 19 -1.29 -0.23 1.52 -0.19 -0.35 0.08 26 X Y 200812090624A
183.75 -30.89 12 -2.31 0.21 2.10 1.22 -2.53 1.06 23 X Y 200812121155A
183.46 -31.07 12 -3.72 2.21 1.51 0.87 0.28 1.21 23 X Y 200812121558A
180.3 -32.18 263 -0.63 0.01 0.62 0.00 1.31 -0.02 24 X Y 200901070840A
181.76 -30.19 152 0.09 -0.21 0.12 0.44 1.70 -0.27 25 X Y 200904260006A
182.32 -31.25 13 -1.80 0.54 1.27 0.49 1.13 1.15 24 X Y 200912161236A
180.16 -30.69 412 -0.77 -0.12 0.89 -0.30 0.20 -0.00 24 X Y 201007102304A
180.5 -32.30 12 -1.29 0.51 0.78 0.37 0.09 0.63 24 X Y 201012080918A
180.4 -32.25 12 -0.79 -0.07 0.86 0.13 0.09 0.81 24 X Y 201012140116B
180.34 -30.90 329 -2.83 -0.49 3.31 -1.74 0.59 1.42 24 X Y 201103201520A
180.47 -32.26 12 -6.28 0.14 6.13 -0.06 -0.80 3.00 23 X Y 201103232301A
183.22 -31.27 14 -0.70 -0.06 0.76 0.09 -0.30 0.33 24 X Y 201104061125A
180.17 -34.40 100 -3.04 -1.31 4.35 2.05 6.56 0.99 25 X Y 201104181303A
180.78 -36.25 14 -1.07 -0.23 1.30 -0.05 -0.00 0.22 24 X Y 201105110611A
181.38 -33.12 45 -3.05 0.28 2.77 -0.00 -1.85 0.71 23 X Y 201106271339A
181.4 -35.09 12 -3.31 -0.21 3.52 -0.40 1.09 3.10 24 X Y 201109141336A
181.32 -35.18 12 -1.14 -0.15 1.29 -0.09 0.04 0.31 25 X Y 201109150753A
180.5 -31.41 228 -5.11 -1.43 6.54 -2.10 -1.10 2.14 23 X Y 201110160121A
181.02 -31.66 116 -1.50 -0.41 1.91 -1.49 -2.25 -0.35 23 X Y 201110241734A
182.57 -32.53 33 -1.41 -0.77 2.18 -1.41 -3.57 -1.95 23 X Y 201111190121A
182.03 -33.60 12 -1.68 -0.11 1.79 -0.07 -0.27 0.55 24 X Y 201112231051A
184.34 -30.09 12 -0.85 -0.21 1.06 -0.33 -0.14 0.30 24 X Y 201205012213A
180.04 -37.69 15 -2.60 1.58 1.02 0.19 1.35 4.05 24 X Y 201207210454A
180.5 -37.32 27 -2.79 1.25 1.54 -0.37 -1.67 1.56 23 X Y 201208020458A
180.38 -37.44 16 -3.01 0.88 2.12 -0.66 -2.63 1.82 23 X Y 201208020517A
182.33 -32.07 21 -3.82 2.83 0.99 2.01 2.52 1.64 23 X Y 201302250013A
182.81 -30.43 29 -3.89 0.84 3.05 0.32 -0.15 1.53 23 X Y 201305221135A
182.06 -30.70 56 -0.63 -0.07 0.69 1.57 6.68 -4.29 23 X Y 201307031509A
180.14 -32.05 222 -0.84 -0.29 1.13 -0.65 -0.94 -0.12 24 X Y 201307032013A
180.42 -30.46 348 -1.23 -0.81 2.04 -1.05 -0.11 0.40 25 X Y 201308120416A
182.22 -33.42 12 -3.74 -1.31 5.06 -0.60 0.19 0.93 24 X Y 201309211648A
180.51 -30.08 351 -0.62 -0.60 1.22 -0.52 0.01 0.05 24 X Y 201311182223A
181.38 -35.34 21 -2.27 0.06 2.21 0.08 -0.74 0.25 23 X Y 201401011423A
180.51 -31.27 217 -2.46 -1.14 3.60 -1.64 1.56 0.66 24 X Y 201401100222A
180.88 -30.44 237 -3.58 -1.42 4.99 -2.41 0.43 0.56 23 X Y 201401111153A
182.29 -33.61 21 -3.51 0.97 2.54 -0.72 -0.37 1.22 23 X Y 201402021811A
182.66 -30.23 30 1.28 0.37 -1.64 0.12 1.36 -2.01 24 X Y 201406252246A
180.62 -34.79 31 0.61 -0.96 0.35 0.15 2.12 1.73 24 X Y 201407181823A
180.02 -32.79 20 -2.36 0.16 2.19 0.15 0.51 1.75 23 X Y 201503182335A
180.99 -30.38 12 -0.82 0.37 0.45 0.13 0.27 0.50 24 X Y 201504021253A
181.03 -30.35 12 -1.24 0.41 0.83 0.15 0.23 0.61 24 X Y 201504031031A
183.47 -31.25 20 -3.59 2.18 1.41 0.69 -0.65 0.22 23 X Y 201504290654A
182.47 -32.17 14 -4.26 0.04 4.22 1.43 -0.08 1.46 23 X Y 201507162041A
182.45 -32.35 19 -2.85 0.23 2.62 -0.15 0.50 0.09 23 X Y 201507170622A
181.14 -30.33 243 -0.34 -0.44 0.79 -1.06 0.52 0.35 25 X Y 201508240941A
182.09 -33.03 19 -3.78 0.45 3.33 -1.14 -1.95 0.98 23 X Y 201510030414A
182.35 -32.11 19 -3.53 0.05 3.48 -0.28 1.24 -0.11 23 X Y 201510091734A
180.8 -30.19 322 -1.06 -0.53 1.59 -1.18 -0.55 0.15 24 X Y 201510241731A
181.28 -31.30 104 -0.03 0.69 -0.66 -1.22 -3.94 0.35 23 X Y 201601181343A
181.58 -30.84 144 -0.57 -0.04 0.60 0.64 1.79 0.16 24 X Y 201601210826A
180.18 -30.81 391 -1.21 -1.04 2.25 -1.07 -1.91 -0.60 25 X Y 201602011900A
181.93 -31.22 80 1.52 -3.78 2.26 -1.52 2.98 1.46 23 X Y 201602190516A
181.82 -32.85 17 -1.13 -0.92 2.06 3.84 8.69 -0.33 23 X Y 201603051845A
182.15 -30.35 62 -2.36 0.50 1.86 -0.27 0.15 1.36 24 X Y 201606011537A
180.34 -31.73 240 -3.07 -0.24 3.31 -4.35 -4.46 0.69 23 X Y 201608091343A
180.02 -30.84 418 -3.62 -2.42 6.05 -2.67 -3.91 -0.41 23 X Y 201612061649A
183.99 -31.66 17 -1.92 -1.00 2.92 -0.35 -0.58 -0.10 23 X Y 201612140916A
183.92 -31.71 23 -2.66 0.42 2.24 -0.14 0.25 0.06 23 X Y 201612141457A
182.35 -33.28 19 -4.22 -0.50 4.71 -0.93 -1.16 0.74 23 X Y 201612300258A
182.71 -33.18 22 -2.95 -0.40 3.34 0.26 -0.60 0.49 23 X Y 201701211753A
180.13 -31.08 388 -0.97 -0.49 1.45 -0.79 -0.74 -0.39 24 X Y 201703061925A
180.08 -30.93 409 -0.46 -0.77 1.23 -0.74 -0.65 -0.06 25 X Y 201706290703A
182.51 -30.33 12 -0.21 -0.86 1.07 1.27 5.51 0.07 23 X Y 201707050445A
182.33 -30.44 87 -0.80 -3.56 4.36 1.27 6.00 2.71 23 X Y 201801100103A
184.06 -30.02 13 -4.55 2.68 1.87 0.84 -0.79 1.58 23 X Y 201804201930A
181.79 -34.67 14 -1.37 -0.30 1.67 -0.32 -0.14 0.14 25 X Y 201805180145A
181.39 -31.11 122 -1.16 -1.53 2.69 0.54 4.91 0.31 23 X Y 201806192350A
180.2 -32.59 252 0.98 0.78 -1.76 -5.91 2.19 5.36 23 X Y 201806211454A
183.05 -32.10 18 -2.67 1.52 1.14 0.88 -1.71 0.61 23 X Y 201808111708A
180.84 -31.92 117 -1.13 -1.49 2.62 -2.04 -1.30 0.43 26 X Y 201809100418A
182.38 -30.07 83 0.77 -2.10 1.33 -6.13 1.78 -3.74 23 X Y 201809180924A
181.02 -33.10 47 -2.80 -1.03 3.84 1.34 0.56 0.18 23 X Y 201809251941A
182.22 -33.43 21 -3.01 -0.68 3.69 0.33 0.37 0.22 23 X Y 201901230706A
180.39 -32.30 13 -2.09 2.51 -0.42 1.00 0.55 1.97 23 X Y 201904161327A
180.39 -32.34 12 -1.22 0.93 0.30 0.08 0.40 0.61 24 X Y 201904161601A
181.44 -31.63 103 -1.64 -0.04 1.68 -1.99 1.88 -1.32 23 X Y 201905291821A
183.56 -30.49 18 -2.52 0.23 2.29 -1.55 -0.82 0.10 23 X Y 201907251140A
182.76 -31.29 22 -2.61 0.80 1.81 0.05 -0.18 0.82 23 X Y 201907251440A
182.95 -31.17 20 -2.47 0.81 1.66 0.23 0.54 0.44 23 X Y 201908130145A
182.89 -31.18 17 -2.19 0.57 1.62 1.13 2.02 0.67 23 X Y 201908130635A
184.12 -31.67 17 -3.01 -0.98 3.99 -0.50 1.49 -1.21 23 X Y 201909220125A
183.32 -30.91 16 -2.03 0.26 1.78 2.02 -1.20 0.44 23 X Y 201912251327A
180.92 -32.28 12 0.07 -1.08 1.01 -5.88 -5.59 -0.00 23 X Y 202002061020A
181.43 -34.32 15 -2.95 0.16 2.79 -2.21 -2.52 -1.31 23 X Y 202002200635A
183.32 -30.70 20 -2.26 -0.24 2.49 -1.67 0.53 0.16 23 X Y 202004091607A
182.37 -33.53 21 -2.45 0.51 1.94 0.37 -0.15 0.42 23 X Y 202006201051A
182.16 -33.61 21 -2.81 0.79 2.03 0.63 0.43 0.75 23 X Y 202006202328A
182.26 -33.72 12 -1.51 0.30 1.21 -0.16 -0.09 0.44 24 X Y 202006221429A
182.26 -33.53 19 -1.47 0.12 1.36 -1.20 0.53 0.20 23 X Y 202006271829A
182.91 -34.05 15 -2.28 0.47 1.80 -0.01 0.77 -0.38 23 X Y 202006300544A
182.27 -33.40 12 -0.63 -0.04 0.68 -0.05 0.29 0.25 24 X Y 202007130813A
182.42 -33.34 12 -2.80 -0.27 3.07 -0.40 0.53 0.81 23 X Y 202007181200A
182.48 -33.65 15 -2.48 -0.11 2.59 -0.40 0.07 0.05 23 X Y 202007201625A
180.39 -32.97 114 0.04 -0.48 0.44 -0.80 -0.55 0.03 25 X Y 202012102042A
180.65 -30.07 348 -1.40 -1.07 2.47 -1.41 0.00 1.14 24 X Y 202102080806A
180.02 -37.35 23 -0.92 0.46 0.46 0.04 0.12 0.18 24 X Y 202103051744A
180.02 -37.36 23 -6.95 3.01 3.94 -0.49 -1.81 1.82 23 X Y 202103060320A
180.06 -37.29 12 -1.06 0.24 0.82 -0.28 -0.21 0.49 24 X Y 202103060605A
180.46 -37.14 12 -6.60 2.53 4.07 -0.08 -3.15 2.82 23 X Y 202103070040A
180.15 -37.28 13 -6.09 1.49 4.60 -1.13 -2.01 2.18 23 X Y 202103070436A
180.16 -37.35 15 -1.87 0.87 1.00 0.26 -0.15 0.58 23 X Y 202103110427A
180.35 -37.17 20 -2.80 0.61 2.20 0.50 -0.82 0.81 23 X Y 202103110838A
180.16 -37.35 21 -2.84 0.54 2.30 -0.81 -0.08 0.73 23 X Y 202103110848A
180.19 -37.17 23 -2.93 1.86 1.07 -0.07 0.64 0.82 23 X Y 202103110901A
180.12 -37.27 12 -5.11 1.62 3.49 -0.02 1.11 2.48 23 X Y 202103111200A
180.03 -37.44 21 -2.93 0.06 2.87 -0.25 0.49 0.85 23 X Y 202104180309A
181.51 -30.34 107 -0.10 -0.01 0.10 -1.24 -2.15 0.48 23 X Y 202105250346A
183.15 -31.57 13 -0.73 -0.31 1.04 -0.32 -0.38 0.09 24 X Y 202106160144A
