167.63 -44.75 15 3.03 -0.12 -2.91 -0.95 -6.94 -2.40 25 X Y 050476A
178.81 -33.89 282 0.13 0.08 -0.21 -0.28 1.05 -0.14 25 X Y 032277A
165.77 -46.54 20 3.64 0.40 -4.04 4.75 -7.88 0.07 26 X Y 101279A
177.86 -36.91 120 4.05 2.20 -6.25 5.52 7.03 -1.65 23 X Y 102879B
166.68 -45.17 101 5.23 -1.39 -3.84 -1.73 1.80 -3.55 23 X Y 012880A
175.27 -40.18 45 0.01 0.30 -0.31 1.31 1.24 -0.38 24 X Y 062380B
176.66 -40.45 15 0.13 0.34 -0.47 0.67 1.36 -0.14 24 X Y 070380A
163.79 -49.48 15 3.53 3.35 -6.88 6.84 -0.99 1.90 24 X Y 032681D
163.86 -48.90 15 0.58 -0.15 -0.43 -0.25 -1.37 0.01 24 X Y 052781C
164.11 -49.01 15 2.57 1.16 -3.73 2.43 -0.81 1.66 24 X Y 053081A
179.70 -34.77 39 5.29 2.20 -7.49 0.04 4.71 -4.41 23 X Y 070481A
175.66 -40.63 15 0.28 -0.22 -0.06 0.73 1.42 -0.27 24 X Y 122781D
179.14 -34.78 109 0.80 -0.29 -0.51 2.51 5.85 -1.82 23 X Y 081682C
177.59 -37.82 94 2.96 -1.52 -1.44 -1.16 -0.06 2.27 23 X Y 040283C
179.72 -35.92 15 2.40 -0.15 -2.25 0.07 8.40 -1.45 23 X Y 080183C
177.32 -38.10 78 0.70 -1.02 0.32 0.35 0.98 0.24 25 X Y 030884A
159.97 -51.68 10 1.07 0.36 -1.42 -0.17 0.74 -0.36 25 X Y 052384A
164.64 -46.49 10 1.50 1.42 -2.92 -0.53 -2.06 -1.03 25 X Y 013185B
166.09 -46.06 15 1.24 -0.15 -1.09 1.51 -1.90 0.61 24 X Y 071186B
178.89 -36.58 15 3.72 0.40 -4.11 -0.48 0.04 0.14 24 X Y 080887B
169.23 -43.91 15 2.96 -0.56 -2.40 -4.98 -3.97 -5.98 23 X Y 051588B
175.82 -38.13 169 5.16 -0.31 -4.85 2.64 0.25 -1.44 23 X Y 051888D
167.64 -45.25 122 0.87 -0.59 -0.28 -1.80 0.61 1.04 24 X Y 071988B
160.84 -52.51 15 1.52 -1.01 -0.51 4.90 5.32 -4.51 23 X Y 052589B
160.32 -52.00 15 0.73 -0.35 -0.38 -1.09 -3.15 -0.55 24 X Y 052689A
166.59 -45.20 18 1.58 2.02 -3.60 2.76 -3.30 -0.47 25 X Y 053189A
174.09 -40.54 114 2.87 -1.57 -1.30 0.69 0.17 -0.80 24 X Y 080889A
176.78 -36.85 210 0.21 -0.69 0.48 1.25 2.12 -0.23 24 X Y 032290A
176.53 -40.23 16 1.89 1.29 -3.18 -1.61 3.30 -0.54 25 X Y 051390A
175.62 -41.84 15 1.18 0.00 -1.18 1.39 1.48 -1.08 24 X Y 100490A
175.35 -41.56 20 0.93 -0.24 -0.69 -0.09 1.06 -0.99 24 X Y 100690A
171.70 -41.76 15 3.03 -0.94 -2.09 0.65 -2.20 -2.56 24 X Y 012891C
171.86 -42.03 15 5.05 -0.28 -4.77 0.27 3.51 -3.74 24 X Y 012891D
171.43 -41.90 15 0.95 0.11 -1.06 0.24 0.37 -1.35 24 X Y 021591A
174.94 -40.69 70 1.62 -2.14 0.51 2.04 -0.33 -0.67 24 X Y 090891C
171.61 -43.01 15 0.65 -0.14 -0.50 -0.81 -1.54 -1.00 24 X Y 033092C
178.53 -38.19 22 3.02 -0.80 -2.22 2.64 2.18 -2.42 24 X Y 051692D
164.38 -49.20 42 2.74 1.51 -4.25 2.48 -0.43 1.47 23 X Y 061392E
179.87 -33.70 161 4.75 -0.06 -4.70 3.09 5.91 -1.31 24 X Y 121492E
176.83 -39.68 22 1.79 0.08 -1.88 1.41 3.63 -1.28 24 X Y 041193C
166.73 -45.04 15 2.23 -0.15 -2.08 0.21 -2.21 -1.15 26 X Y 081093A
166.93 -44.34 15 1.80 1.08 -2.87 0.86 -1.09 -1.15 24 X Y 081193B
178.89 -35.86 110 0.29 0.49 -0.79 -1.07 -2.62 0.60 25 X Y 081393B
164.19 -49.16 26 0.76 0.61 -1.37 0.92 -0.15 0.25 25 X Y 010394C
178.91 -35.38 164 0.53 0.02 -0.55 0.82 1.09 -0.47 24 X Y 120494D
178.58 -37.08 33 4.76 -2.66 -2.10 3.06 -2.02 1.81 23 X Y 041495E
174.22 -39.46 216 1.92 0.25 -2.16 4.22 -2.89 1.18 24 X Y 091995F
177.63 -38.26 33 2.39 -1.91 -0.48 -1.55 1.96 0.04 23 X Y 062796A
177.22 -36.94 136 8.06 -8.23 0.18 2.30 6.27 3.55 23 X Y 032597B
165.14 -47.48 15 3.75 0.44 -4.20 -1.80 -5.79 -0.77 24 X Y 012698E
179.70 -34.27 119 0.10 1.12 -1.23 -1.67 -6.41 0.03 23 X Y 120898B
177.30 -37.45 146 6.15 -0.62 -5.53 8.84 9.21 -1.05 23 X Y 032399C
177.89 -35.98 214 1.24 -0.09 -1.15 0.49 0.55 -0.25 24 X Y 042099C
178.50 -35.42 216 9.23 -1.54 -7.70 3.07 7.00 -3.24 23 X Y 071599C
177.60 -36.91 153 3.60 -1.61 -1.99 1.63 2.46 -1.59 24 X Y 081899C
175.78 -38.49 158 5.84 3.24 -9.09 9.52 -0.92 -2.24 24 X Y 102599F
164.01 -49.13 15 1.01 0.82 -1.83 1.67 0.01 0.34 24 X Y 030700B
178.82 -34.89 201 2.95 -0.66 -2.30 0.73 1.66 -1.47 24 X Y 070100A
166.70 -45.02 20 1.10 0.40 -1.49 0.43 -0.79 -0.33 25 X Y 110100B
167.23 -45.01 15 7.76 -2.62 -5.14 -3.95 -9.48 -4.65 23 X Y 111200C
176.33 -40.08 27 0.88 -0.76 -0.12 6.31 9.80 0.62 23 X Y 092401A
176.76 -39.70 17 0.49 0.14 -0.63 0.78 2.10 -0.34 24 X Y 101501B
168.55 -44.13 15 4.23 0.11 -4.34 0.05 -2.43 -2.50 24 X Y 120701H
176.69 -37.56 165 4.89 -0.12 -4.77 5.28 3.17 -4.90 23 X Y 081702A
166.87 -45.01 32 4.99 -1.07 -3.92 -2.49 -4.64 -2.80 26 X Y 082103D
166.46 -45.37 18 1.47 -0.09 -1.38 -0.04 -0.67 -0.81 24 X Y 082603F
166.68 -45.14 27 1.40 -0.39 -1.01 0.78 1.11 -0.90 24 X Y 090403E
164.26 -49.02 33 2.61 2.27 -4.87 1.35 -1.14 0.82 23 X Y 091603A
166.60 -45.06 15 3.00 -0.49 -2.51 -0.53 -3.10 -1.50 25 X Y 110203C
166.15 -44.73 15 6.31 -0.50 -5.81 0.32 -0.96 -3.68 23 X Y 110203F
164.91 -46.36 40 5.07 -1.58 -3.49 -0.42 -1.83 -2.71 26 X Y 112204C
179.71 -34.36 155 1.19 -0.67 -0.52 1.02 4.15 -0.73 24 X Y 120304C
161.13 -50.17 12 1.13 -0.51 -0.62 0.18 -0.20 -0.57 24 X Y 122404B
161.07 -49.04 14 2.36 -0.88 -1.48 -0.55 -0.44 -0.88 23 X Y 122404E
176.02 -41.42 19 3.74 -0.12 -3.62 -1.41 5.31 -1.33 23 X Y 200501180836A
176.14 -41.56 27 3.44 -0.60 -2.84 -0.21 2.40 -0.55 23 X Y 200501180926A
166.62 -45.10 12 5.58 -1.94 -3.64 -3.44 -1.87 -4.01 23 X Y 200503140804A
179.65 -35.24 49 4.61 -0.57 -4.04 0.18 3.23 -2.17 23 X Y 200503160932A
179.67 -38.24 12 2.73 0.29 -3.02 2.29 4.77 -1.03 23 X Y 200505131707A
179.25 -34.60 203 1.77 -0.25 -1.52 0.50 2.55 -0.94 24 X Y 200510140827A
165.69 -46.97 41 3.07 -2.54 -0.53 -3.07 -3.34 0.25 23 X Y 200604150714A
177.13 -37.10 163 1.43 -2.57 1.14 0.93 2.06 0.12 23 X Y 200607020728A
160.94 -50.03 18 3.05 0.20 -3.25 0.48 -0.66 -0.56 23 X Y 200608302125A
164.10 -49.26 13 1.33 -0.02 -1.32 0.49 -0.72 -0.26 27 X Y 200709300523A
164.01 -49.36 31 0.56 0.37 -0.93 0.55 -0.11 0.23 26 X Y 200709300947A
164.19 -48.53 14 3.45 0.72 -4.17 -0.01 -2.88 0.37 23 X Y 200710030143A
164.24 -48.74 18 4.17 0.52 -4.69 2.58 -1.71 -0.12 23 X Y 200710030332A
164.20 -48.74 12 0.68 0.13 -0.81 0.39 -0.36 -0.20 24 X Y 200710031803A
163.89 -49.05 12 1.41 0.24 -1.65 0.01 -0.70 -0.83 24 X Y 200710111625A
167.24 -44.71 19 1.24 -0.15 -1.09 0.07 -1.34 -0.82 26 X Y 200710151229A
167.25 -44.62 19 0.97 0.16 -1.13 -0.55 -0.99 -0.50 25 X Y 200710152128A
167.32 -44.94 116 5.83 -3.66 -2.17 1.48 -4.76 -3.90 23 X Y 200711291553A
179.19 -34.91 183 1.26 2.15 -3.41 1.97 4.53 -1.77 23 X Y 200712061318A
167.00 -44.88 14 1.88 -0.56 -1.31 -0.34 -1.50 -0.97 24 X Y 200801201841A
164.03 -49.12 12 0.38 0.23 -0.61 -0.43 -0.71 -0.21 25 X Y 200804262334A
173.89 -42.47 20 3.22 -0.38 -2.85 0.06 3.03 -1.64 23 X Y 200809242240A
173.95 -42.25 22 3.35 -0.35 -3.00 -1.52 2.63 -2.01 23 X Y 200809260723A
164.32 -49.08 38 3.06 2.23 -5.29 3.14 -0.49 0.64 23 X Y 200903141050A
177.85 -36.80 185 1.56 -1.33 -0.23 2.16 3.79 -0.32 23 X Y 200903141738A
176.93 -37.77 163 2.64 1.24 -3.88 4.08 3.36 -0.53 23 X Y 200903212028A
166.26 -45.85 23 3.14 0.76 -3.90 2.59 -3.75 -0.03 27 X Y 200907150922A
165.75 -46.13 21 1.06 -0.00 -1.06 -0.02 -0.78 -0.09 24 X Y 200907160044A
165.85 -46.12 18 1.78 0.80 -2.58 1.95 -3.86 -0.11 24 X Y 200907162218A
166.42 -45.46 22 3.08 -0.04 -3.03 -2.56 -2.96 -0.48 23 X Y 200907181533A
166.02 -45.44 12 1.13 -0.05 -1.08 0.00 -1.41 -0.37 24 X Y 200907190511A
166.07 -45.41 12 0.69 -0.05 -0.64 0.03 -0.56 -0.18 24 X Y 200907190848A
165.67 -46.21 29 2.87 0.06 -2.93 0.70 -2.26 0.01 23 X Y 200907292042A
166.13 -45.48 12 1.07 -0.02 -1.05 0.02 -1.21 -0.40 25 X Y 200908050831A
165.82 -45.90 25 0.93 1.92 -2.84 0.38 -6.11 -2.07 23 X Y 200908250457A
165.84 -46.04 26 2.84 0.21 -3.05 -1.82 -4.01 -1.07 23 X Y 201002250438A
164.56 -48.71 30 0.88 0.11 -0.99 0.46 -0.26 -0.09 24 X Y 201003180624A
164.51 -48.61 22 2.01 0.81 -2.82 0.67 -0.78 -0.30 24 X Y 201003180628A
164.51 -48.62 21 0.65 0.30 -0.95 0.39 -0.33 -0.11 24 X Y 201003180642A
165.76 -45.91 21 1.85 2.24 -4.09 1.04 -3.06 -0.35 23 X Y 201003182129A
171.91 -43.60 12 2.66 -1.88 -0.78 0.61 0.39 -1.60 23 X Y 201009061140A
176.98 -40.50 31 2.40 -0.52 -1.88 0.73 2.37 -0.92 23 X Y 201009062248A
177.26 -36.56 296 0.92 0.13 -1.05 0.71 -0.27 -0.62 24 X Y 201009290414A
165.04 -47.17 29 2.61 0.39 -3.00 0.45 -2.04 0.38 23 X Y 201010240820A
176.03 -38.49 159 0.51 0.33 -0.85 2.79 0.56 -0.54 24 X Y 201101271502A
175.68 -38.63 159 1.17 0.79 -1.95 1.47 -0.84 0.39 24 X Y 201107050336A
164.15 -48.92 15 2.05 0.62 -2.67 0.60 -0.31 0.36 24 X Y 201110011054A
172.56 -43.67 12 4.36 -0.64 -3.72 1.03 -0.27 -3.10 24 X Y 201112230058A
172.69 -43.61 12 1.25 -0.34 -0.91 0.56 0.07 -0.57 24 X Y 201112230106A
172.58 -43.55 12 3.90 0.27 -4.16 0.97 -2.08 -4.47 24 X Y 201112230218A
172.69 -43.53 12 0.74 -0.20 -0.53 0.26 0.08 -0.44 24 X Y 201201011645A
172.68 -43.68 16 2.45 -1.28 -1.17 1.34 0.28 -1.07 23 X Y 201201061221A
165.38 -46.62 19 0.33 0.20 -0.53 0.45 -0.75 -0.02 25 X Y 201201190648A
165.22 -46.64 23 0.62 0.14 -0.76 0.03 -0.58 -0.04 24 X Y 201201190901A
165.27 -46.65 18 0.64 0.22 -0.86 0.10 -1.25 -0.14 24 X Y 201201250602A
166.44 -45.23 23 2.02 0.15 -2.18 0.34 -0.92 -0.67 23 X Y 201203151115A
172.78 -43.52 17 4.58 -2.32 -2.25 -0.28 1.13 -2.70 23 X Y 201205250244A
173.63 -40.05 230 0.37 0.88 -1.25 2.80 -2.07 0.31 25 X Y 201207031036A
175.90 -38.29 175 2.29 -1.22 -1.07 2.07 -0.17 -2.26 23 X Y 201210150005A
176.12 -38.64 119 0.41 1.00 -1.41 2.91 -2.77 0.31 24 X Y 201210162342A
177.69 -37.87 65 1.24 -0.81 -0.44 0.58 1.28 -1.17 23 X Y 201210301312A
176.08 -38.31 165 1.30 0.22 -1.52 3.38 0.58 -1.45 25 X Y 201212071819A
178.20 -36.10 185 4.68 -0.22 -4.46 3.57 3.48 -2.23 24 X Y 201302160516A
179.63 -33.82 200 0.76 0.05 -0.81 -0.10 0.99 -0.39 25 X Y 201306151120A
174.37 -41.58 17 0.68 0.42 -1.10 -0.90 0.99 -0.23 24 X Y 201307182106A
174.20 -41.71 13 2.48 1.30 -3.78 -1.66 1.09 -1.52 24 X Y 201307201917A
177.34 -37.36 156 2.90 -1.95 -0.94 1.06 1.43 -0.98 23 X Y 201307291827A
165.82 -46.02 20 1.87 0.80 -2.67 0.93 -3.01 -0.95 24 X Y 201312161207A
176.66 -40.04 21 5.49 -0.27 -5.23 -0.98 2.83 -2.40 23 X Y 201403310101A
176.02 -40.57 25 0.46 -0.08 -0.37 0.10 1.42 -0.26 24 X Y 201409221441A
165.74 -46.10 23 3.32 0.42 -3.73 1.45 -3.58 0.34 24 X Y 201410130513A
164.14 -49.16 34 1.85 1.37 -3.22 1.97 -0.52 0.67 24 X Y 201412011304A
177.80 -38.10 77 1.35 -1.24 -0.11 0.83 1.61 -0.77 23 X Y 201412041043A
165.32 -46.73 33 3.06 1.00 -4.06 0.79 -2.61 0.09 23 X Y 201412120802A
176.18 -38.31 184 0.25 -0.43 0.18 0.72 0.32 -0.46 24 X Y 201509231847A
176.47 -40.69 24 1.63 -0.56 -1.07 0.52 2.06 -0.91 24 X Y 201510120805A
178.75 -35.12 220 1.99 1.28 -3.27 2.43 0.69 -1.78 23 X Y 201512210731A
164.03 -49.03 18 0.99 0.12 -1.11 0.20 -0.28 -0.16 25 X Y 201602151928A
177.42 -37.30 152 1.99 -1.74 -0.25 0.82 3.07 -1.13 23 X Y 201605020026A
166.52 -45.08 49 1.29 -0.16 -1.14 -1.15 -0.65 -0.88 24 X Y 201606070255A
165.04 -46.94 32 2.51 0.34 -2.85 0.41 -1.89 0.23 23 X Y 201607161442A
178.69 -37.50 18 0.05 -1.00 0.95 3.82 5.98 -1.77 24 X Y 201609012006A
178.85 -37.10 15 0.14 0.70 -0.84 1.75 7.77 -1.31 23 X Y 201609030458A
178.85 -37.07 20 0.94 0.03 -0.96 1.29 6.45 -0.41 24 X Y 201609051518A
178.85 -37.07 12 0.01 0.08 -0.08 0.57 1.31 -0.04 24 X Y 201609051701A
178.96 -37.32 39 1.47 -1.00 -0.47 1.10 1.66 -1.00 23 X Y 201609141609A
173.85 -42.03 19 3.56 1.69 -5.25 -1.14 4.34 -2.04 27 X Y 201611131102A
173.74 -42.32 19 2.31 -0.88 -1.44 -0.35 1.74 -2.58 24 X Y 201611140647A
173.73 -42.42 19 2.69 0.02 -2.70 0.56 2.03 -1.14 23 X Y 201611141917A
173.95 -42.72 22 2.34 -0.98 -1.36 1.44 0.67 -0.95 23 X Y 201611150412A
173.62 -42.40 21 5.72 -1.71 -4.00 1.17 2.58 -2.12 23 X Y 201611150509A
172.97 -42.67 12 6.31 -1.91 -4.40 2.49 -0.96 -3.50 23 X Y 201611181422A
177.58 -40.79 12 0.54 -0.23 -0.31 0.57 1.00 -0.32 25 X Y 201611220019A
164.42 -47.94 21 2.27 0.62 -2.89 -0.67 -2.50 0.01 23 X Y 201611232030A
177.91 -37.82 63 3.00 0.85 -3.85 -0.48 1.08 -1.40 23 X Y 201701061646A
177.66 -37.85 50 3.07 -0.25 -2.82 0.00 1.65 -1.77 23 X Y 201702020505A
165.97 -45.39 14 4.55 -0.31 -4.24 -0.54 -4.93 -1.26 23 X Y 201702050935A
173.04 -43.19 12 2.24 -0.71 -1.53 -0.14 0.30 -0.91 23 X Y 201703011900A
177.87 -37.80 49 3.98 -1.11 -2.87 0.37 1.04 -0.81 23 X Y 201705090619A
163.99 -49.24 32 0.45 0.36 -0.80 0.42 -0.11 0.17 26 X Y 201707110659A
159.72 -47.10 21 1.71 -0.35 -1.36 0.40 -0.44 -1.52 24 X Y 201708262150A
164.13 -48.96 21 2.29 0.77 -3.06 0.94 -0.86 -0.26 23 X Y 201708302025A
167.51 -44.44 24 3.19 -0.20 -2.98 -0.05 -2.02 -0.52 23 X Y 201810060937A
174.94 -39.07 226 1.08 0.08 -1.16 1.39 -0.03 -0.72 25 X Y 201810300213A
166.12 -45.57 31 2.13 0.78 -2.91 1.38 -2.20 -0.02 23 X Y 201811300417A
167.71 -44.41 15 1.33 0.18 -1.51 -0.35 -1.25 -0.61 24 X Y 201908121035A
167.34 -44.57 18 2.87 1.37 -4.24 -2.14 -3.53 -2.47 23 X Y 201910240853A
179.63 -34.99 86 1.78 -0.16 -1.61 -1.13 -5.09 -0.01 23 X Y 201911031607A
177.34 -37.33 131 0.67 -0.15 -0.52 0.43 0.18 0.56 25 X Y 201911231634A
176.72 -36.65 318 4.41 -0.19 -4.23 5.45 1.03 -2.07 23 X Y 202001040718A
179.61 -37.14 24 3.21 -0.67 -2.54 1.77 0.48 -1.40 23 X Y 202001130649A
174.46 -40.63 88 2.45 1.38 -3.83 -1.61 1.11 -0.94 23 X Y 202001251045A
167.38 -44.48 24 2.26 0.27 -2.53 -0.88 -0.99 -0.69 23 X Y 202002241014A
167.54 -44.87 86 2.30 -0.14 -2.15 -2.86 -0.87 -1.87 23 X Y 202004262252A
177.81 -37.94 50 1.99 0.39 -2.38 0.13 2.71 -1.88 23 X Y 202006151729A
167.39 -44.56 17 2.28 -0.10 -2.19 0.15 -2.05 -1.50 24 X Y 202006242220A
176.17 -38.49 138 1.75 0.30 -2.05 1.76 -1.07 1.60 23 X Y 202006262041A
167.43 -44.54 20 2.20 0.73 -2.93 -0.28 -1.62 -1.29 23 X Y 202008121016A
161.69 -51.14 12 4.44 0.09 -4.53 -1.41 -0.28 -2.69 24 X Y 202101240547A
165.77 -47.58 18 2.79 -1.25 -1.54 -3.03 -2.11 -0.95 23 X Y 202102230407A
178.83 -35.43 174 1.95 -0.09 -1.86 1.22 1.93 -0.53 24 X Y 202103191852A
166.63 -45.24 23 2.79 1.11 -3.90 -0.70 -3.25 -1.62 23 X Y 202105310409A
179.26 -34.85 181 3.41 -1.45 -1.96 2.41 5.93 -2.46 23 X Y 202106242222A
183.37 -30.25 15 1.44 0.06 -1.50 0.30 1.18 -0.46 25 X Y 011576A
183.01 -30.25 15 3.07 0.38 -3.45 2.75 8.61 -0.68 24 X Y 011576B
182.37 -33.63 55 2.05 -0.41 -1.64 -0.55 -0.43 -1.30 25 X Y 062976A
182.44 -30.26 51 4.72 0.22 -4.93 0.58 2.71 -1.43 25 X Y 073176A
182.68 -30.41 15 4.91 -0.43 -4.49 2.63 8.29 -2.07 25 X Y 093076A
181.5 -34.43 22 0.87 0.24 -1.11 0.11 0.31 -0.28 24 X Y 052977B
180.74 -33.47 44 1.06 0.43 -1.49 0.01 0.69 -0.61 25 X Y 072277A
182.49 -30.13 16 1.53 0.33 -1.86 0.93 2.46 -0.33 25 X Y 011478D
182.57 -30.02 15 1.74 0.45 -2.19 0.38 1.58 -0.79 25 X Y 011578A
182.98 -30.60 23 3.38 -0.51 -2.87 1.10 1.84 -0.99 26 X Y 020978A
184.19 -30.17 10 3.15 -0.82 -2.33 0.33 -0.07 -1.07 25 X Y 021178A
182.87 -30.07 15 0.90 0.40 -1.30 0.07 0.72 -0.59 24 X Y 021178B
181.84 -30.69 53 7.10 2.43 -9.53 -0.25 2.79 -4.57 23 X Y 031278B
182.27 -30.87 46 1.21 -0.00 -1.20 0.10 0.66 -0.42 26 X Y 081578B
181.87 -30.74 39 1.67 -0.24 -1.43 -0.57 0.67 -0.98 24 X Y 090178B
182.12 -30.18 46 1.04 0.43 -1.48 0.17 0.44 -0.58 24 X Y 111978A
183.09 -30.13 21 3.42 -0.19 -3.23 0.99 2.41 -0.75 25 X Y 012579B
182.35 -30.64 40 8.94 1.00 -9.94 1.38 6.29 -4.35 23 X Y 012779A
181.82 -30.86 28 2.02 0.86 -2.88 1.27 3.08 -1.01 24 X Y 050279A
180.92 -32.10 36 5.18 0.09 -5.27 2.85 9.62 -2.87 23 X Y 050379B
180.57 -33.06 67 0.91 0.53 -1.44 0.10 0.47 -0.69 24 X Y 072079D
181.46 -33.97 15 0.82 0.09 -0.91 0.18 1.39 -0.58 24 X Y 050280B
182.09 -30.15 45 5.55 -0.15 -5.39 0.42 3.73 -1.97 25 X Y 061980B
182.09 -31.92 39 2.55 0.06 -2.61 0.54 2.11 -2.31 23 X Y 070580C
182.0 -30.40 28 6.88 0.75 -7.62 1.90 8.22 -3.27 24 X Y 102880B
180.15 -35.15 15 4.09 0.79 -4.88 2.87 8.38 -2.58 24 X Y 112980B
181.09 -33.28 15 1.06 -0.73 -0.34 2.61 7.52 0.76 24 X Y 022081A
182.25 -30.53 24 4.61 -0.86 -3.74 0.13 3.56 -0.41 24 X Y 030781A
180.3 -35.27 25 0.65 0.27 -0.92 0.17 1.43 -0.59 24 X Y 033181A
183.19 -30.01 22 1.05 0.09 -1.13 -0.21 0.01 -0.54 24 X Y 052081B
181.8 -31.75 48 3.79 0.26 -4.05 0.08 1.62 -1.71 23 X Y 060481B
181.87 -30.68 45 5.30 0.81 -6.11 -0.70 0.51 -2.64 23 X Y 072881C
180.14 -33.50 20 4.73 0.39 -5.12 -0.04 7.50 -2.77 24 X Y 100181A
180.49 -33.70 14 0.88 0.35 -1.23 -0.09 0.83 -0.43 25 X Y 111681C
182.45 -30.04 15 2.72 0.10 -2.82 1.35 3.84 -1.61 24 X Y 122481C
182.44 -30.05 15 1.94 0.28 -2.22 0.10 2.06 -0.47 24 X Y 122581B
181.96 -30.04 15 0.65 0.07 -0.72 -0.13 1.43 -0.29 24 X Y 122781C
181.6 -30.23 51 7.82 0.08 -7.90 2.09 4.99 -2.07 23 X Y 021382B
181.44 -31.18 36 2.99 0.56 -3.55 -0.06 2.28 -1.11 25 X Y 032882A
180.3 -35.35 15 3.50 0.62 -4.12 -1.94 5.63 -4.16 23 X Y 051482B
181.37 -32.29 15 0.86 0.07 -0.93 0.86 3.27 -0.34 24 X Y 112282C
181.93 -32.09 10 1.95 -0.12 -1.83 0.44 2.49 -0.94 24 X Y 112782A
181.86 -32.21 10 1.58 0.25 -1.83 0.21 1.35 -0.74 24 X Y 121982A
180.91 -34.98 48 1.29 -0.30 -0.98 -0.30 1.59 -0.97 24 X Y 041183C
182.44 -31.23 40 0.91 0.14 -1.05 0.24 0.55 -0.50 24 X Y 042883A
181.89 -31.63 36 6.23 1.86 -8.09 -1.03 3.93 -3.66 23 X Y 071783B
181.53 -37.02 33 5.33 1.59 -6.92 -4.71 0.28 -4.21 23 X Y 091883B
182.45 -30.22 18 1.45 0.09 -1.54 0.14 1.33 -0.52 25 X Y 050884A
180.76 -33.12 42 1.32 0.58 -1.90 -0.02 0.99 -0.78 24 X Y 051384B
181.71 -30.48 64 1.80 0.81 -2.61 -0.29 0.20 -0.73 24 X Y 052584A
181.66 -32.80 10 0.92 0.06 -0.98 -0.02 1.48 -0.34 24 X Y 060284A
180.99 -32.89 29 0.78 0.21 -1.00 0.03 1.19 -0.32 24 X Y 080484B
180.89 -33.00 40 6.75 2.80 -9.55 -2.76 4.38 -1.17 24 X Y 083084B
182.31 -30.00 44 6.98 -0.13 -6.84 1.35 2.57 -4.01 23 X Y 090384A
182.48 -32.31 10 1.21 0.32 -1.53 0.53 1.11 -0.60 24 X Y 091684B
182.4 -32.15 10 1.62 0.29 -1.91 0.94 2.03 -0.70 25 X Y 091784B
182.73 -32.25 10 1.72 0.21 -1.93 1.04 2.09 -0.86 24 X Y 091984B
182.75 -32.37 10 3.26 0.83 -4.09 1.14 3.24 -1.52 24 X Y 091984C
182.75 -32.39 10 5.98 -0.41 -5.56 -0.28 2.13 -3.33 23 X Y 091984E
182.01 -32.06 10 0.72 0.25 -0.97 0.83 1.93 -0.51 24 X Y 092284B
181.8 -32.15 14 1.98 0.68 -2.66 0.63 2.21 -1.17 24 X Y 092284C
182.29 -32.22 10 0.84 0.18 -1.03 0.54 1.28 -0.38 25 X Y 092284F
181.52 -30.42 92 -0.09 0.32 -0.23 -0.89 -2.79 0.06 24 X Y 101984D
182.82 -31.62 10 0.79 0.15 -0.95 0.37 1.93 -0.50 24 X Y 102284A
182.59 -31.53 10 4.13 0.23 -4.36 0.89 3.22 -1.84 24 X Y 103084B
182.87 -31.46 10 0.93 0.14 -1.07 0.59 1.70 -0.49 24 X Y 103084C
181.28 -33.11 41 4.51 -1.77 -2.74 2.08 3.31 -2.15 23 X Y 030985A
180.91 -32.70 40 5.44 -0.69 -4.75 0.57 6.41 -2.43 23 X Y 030985B
182.22 -30.23 49 4.89 1.61 -6.50 -2.36 4.17 -0.12 23 X Y 051785A
182.11 -31.03 33 0.71 0.22 -0.94 0.22 1.01 -0.10 24 X Y 060685C
181.68 -32.09 53 4.46 0.80 -5.26 -0.40 2.62 -2.42 23 X Y 060885A
181.13 -31.60 43 1.09 0.19 -1.28 0.15 1.04 -0.63 24 X Y 081485A
181.6 -34.79 61 1.51 -1.06 -0.45 0.64 -0.37 -1.96 26 X Y 092685A
181.76 -30.64 34 3.90 0.10 -4.00 1.26 4.96 -2.28 23 X Y 101185A
180.92 -35.08 56 6.77 -1.99 -4.78 0.56 2.11 -3.40 25 X Y 110785B
182.08 -30.12 46 1.18 0.26 -1.44 -0.08 0.36 -0.50 24 X Y 061986E
182.7 -30.86 15 1.01 0.05 -1.06 0.30 1.04 -0.53 25 X Y 061986G
181.27 -32.60 26 0.31 -0.14 -0.16 1.19 2.19 -0.18 24 X Y 062086A
182.6 -31.09 15 5.91 -0.88 -5.03 0.11 6.93 -3.91 23 X Y 062786B
181.58 -32.73 15 5.33 1.78 -7.11 2.80 4.09 -2.22 23 X Y 072786B
180.24 -34.24 35 0.26 0.18 -0.44 0.10 1.83 -0.17 24 X Y 020487C
181.14 -32.73 42 8.62 -0.65 -7.97 0.48 7.60 -1.85 25 X Y 021787B
181.29 -32.54 37 7.26 2.62 -9.89 3.24 6.26 -3.51 23 X Y 021987B
182.34 -30.06 47 2.21 0.25 -2.46 0.17 1.45 -1.00 24 X Y 031887C
182.86 -30.36 41 1.11 -0.38 -0.73 0.19 0.70 -0.45 24 X Y 072987A
180.07 -34.81 30 1.09 0.24 -1.33 0.19 1.19 -0.49 25 X Y 081687B
181.88 -30.07 29 3.00 0.29 -3.29 0.08 2.09 -1.10 23 X Y 083087A
182.23 -31.19 23 6.81 0.30 -7.11 -0.42 4.90 -1.51 25 X Y 090787B
181.76 -31.05 16 0.52 0.69 -1.22 0.05 4.06 -0.23 24 X Y 090787C
182.12 -31.22 33 3.23 2.92 -6.15 -0.21 8.48 -2.28 23 X Y 090887C
180.21 -34.69 27 0.91 0.28 -1.19 0.06 2.94 -1.01 24 X Y 101187A
180.14 -34.08 52 1.00 0.89 -1.90 -0.03 1.59 -0.67 24 X Y 101487A
180.92 -32.68 38 2.34 -0.87 -1.47 1.93 9.77 -1.94 23 X Y 031288A
181.07 -30.53 65 2.34 -0.80 -1.53 0.25 -0.65 -1.96 23 X Y 042388A
181.75 -33.03 15 2.84 0.37 -3.20 1.22 2.96 -0.95 24 X Y 050688D
182.17 -30.05 33 8.53 0.54 -9.07 -1.05 8.67 -1.69 23 X Y 050988A
180.43 -33.08 60 2.32 1.32 -3.64 0.48 1.12 -1.82 24 X Y 062588A
182.54 -30.13 47 1.21 -0.16 -1.05 0.09 0.74 -0.22 26 X Y 022589A
182.48 -30.14 54 4.32 0.93 -5.25 -0.54 5.29 -2.54 23 X Y 031289B
182.14 -30.55 44 1.86 0.13 -1.99 0.28 1.52 -0.70 24 X Y 031589A
182.12 -30.25 54 7.33 1.56 -8.90 0.66 3.79 -3.35 24 X Y 031689B
181.69 -34.30 63 1.45 0.23 -1.68 -0.24 0.07 -1.16 25 X Y 031789E
182.66 -30.42 43 3.89 0.85 -4.74 0.22 3.50 -2.04 23 X Y 032589A
182.33 -30.13 57 4.15 0.86 -5.01 0.64 1.56 -2.60 23 X Y 032889B
182.46 -31.36 20 4.57 0.69 -5.26 0.79 3.73 -2.29 24 X Y 041989A
182.34 -31.15 41 3.52 0.58 -4.10 -0.74 1.91 -2.51 23 X Y 041989B
182.13 -30.84 44 2.09 -0.12 -1.97 0.11 1.33 -0.54 26 X Y 051489A
181.85 -30.64 49 2.26 0.20 -2.46 0.12 1.39 -0.77 25 X Y 052089A
182.47 -31.26 26 7.23 1.30 -8.53 1.46 7.65 -1.90 23 X Y 052189A
182.73 -32.42 15 4.00 -1.69 -2.31 4.38 10.00 -1.36 23 X Y 072589B
182.36 -33.15 15 0.73 0.60 -1.33 -0.69 1.49 -0.83 24 X Y 090489B
182.08 -30.12 51 6.21 3.16 -9.37 -0.55 2.53 -2.36 24 X Y 090789B
180.32 -34.71 15 3.29 -0.38 -2.91 0.71 6.52 -1.50 24 X Y 122089B
180.27 -34.74 15 0.87 -0.10 -0.76 0.30 1.32 -0.50 24 X Y 122089D
181.7 -31.53 15 2.46 0.45 -2.91 0.17 2.68 -1.36 24 X Y 011690A
181.74 -31.27 15 2.32 0.82 -3.14 0.33 0.18 -1.23 24 X Y 011690B
182.14 -31.53 15 2.21 0.26 -2.47 -0.63 0.76 -0.86 24 X Y 011690C
181.88 -31.55 15 1.30 -0.02 -1.28 -0.49 -0.55 -0.90 24 X Y 012290C
182.02 -30.34 45 1.09 0.43 -1.51 0.14 0.75 -0.50 24 X Y 021190B
180.62 -30.71 157 3.07 -1.96 -1.11 -5.96 4.75 2.27 25 X Y 032190A
181.93 -32.78 15 0.93 0.08 -1.01 0.38 0.55 -0.55 24 X Y 032590B
181.71 -30.20 27 4.27 0.56 -4.83 -0.47 4.19 -2.01 24 X Y 041190B
181.62 -31.36 15 2.88 0.05 -2.93 -0.23 1.75 -0.95 24 X Y 051590E
182.0 -30.09 20 6.39 -0.08 -6.31 1.76 8.41 -1.53 23 X Y 071090D
181.31 -34.56 17 6.24 0.28 -6.51 -1.46 7.53 -4.35 23 X Y 082190D
180.85 -33.23 20 5.37 -0.56 -4.81 2.58 7.80 -3.65 23 X Y 082690C
180.98 -30.88 51 5.45 0.41 -5.87 -2.81 4.48 -5.65 23 X Y 090790B
180.72 -32.85 42 5.59 0.48 -6.07 0.60 4.50 -2.33 24 X Y 021491A
181.0 -33.53 15 1.22 0.22 -1.44 -0.17 0.72 -0.00 24 X Y 052291A
182.36 -31.21 35 8.31 -0.08 -8.23 3.54 8.63 -3.43 23 X Y 102591D
182.47 -30.15 46 7.86 -0.20 -7.66 0.55 4.67 -2.38 25 X Y 110191B
181.44 -32.08 15 6.26 0.33 -6.59 1.19 6.39 -0.99 23 X Y 032892B
182.62 -30.56 51 6.60 -4.28 -2.33 -0.95 4.04 5.78 23 X Y 033092A
182.19 -32.45 15 1.84 0.09 -1.92 0.42 2.86 -0.84 24 X Y 051592A
182.16 -30.53 29 3.37 0.57 -3.93 0.92 4.28 -0.81 24 X Y 052892A
181.57 -33.44 15 2.93 0.17 -3.10 0.89 6.24 -1.26 24 X Y 062692C
181.94 -32.99 15 1.61 0.16 -1.76 0.43 2.20 -0.70 24 X Y 070292B
182.77 -30.79 15 0.94 0.00 -0.94 0.28 1.32 -0.41 24 X Y 100292B
180.69 -35.83 15 1.39 -0.15 -1.24 0.41 2.37 -0.98 24 X Y 101692D
181.99 -31.39 43 5.26 -0.04 -5.22 0.80 6.01 -1.49 23 X Y 103092E
181.69 -32.12 15 1.58 0.07 -1.65 0.41 3.11 -0.81 24 X Y 122692G
182.34 -32.23 15 2.38 0.28 -2.66 0.28 2.79 -1.25 25 X Y 123192G
181.95 -31.93 15 0.35 -0.06 -0.29 1.86 2.31 0.16 24 X Y 010793B
181.86 -32.32 15 1.45 -0.14 -1.31 0.94 2.47 -0.92 24 X Y 010793C
182.41 -31.91 15 7.02 2.68 -9.69 8.48 4.89 -2.90 23 X Y 010793F
182.39 -32.21 15 1.24 0.20 -1.44 0.20 1.70 -0.55 24 X Y 010993A
181.88 -32.77 15 2.05 -1.16 -0.89 1.01 7.29 -0.26 24 X Y 012093C
181.65 -31.51 55 5.28 1.49 -6.76 1.35 3.23 -0.43 23 X Y 051593J
182.25 -30.38 49 1.29 0.17 -1.46 0.01 0.74 0.08 24 X Y 061894A
182.24 -30.39 37 1.32 0.23 -1.54 0.44 1.60 -0.54 24 X Y 122594A
181.72 -31.96 50 3.05 0.10 -3.15 0.97 3.29 -1.78 23 X Y 012095G
181.28 -33.27 30 5.31 1.35 -6.66 1.86 8.57 -3.96 23 X Y 042995D
181.75 -32.72 15 0.78 0.09 -0.87 0.32 1.07 -0.32 24 X Y 080295E
182.2 -32.77 15 7.10 1.11 -8.21 1.41 7.32 -3.39 23 X Y 080495A
181.49 -34.14 15 0.95 -0.03 -0.93 0.93 1.40 -0.29 24 X Y 121495C
182.23 -32.81 15 0.50 0.09 -0.59 0.33 1.04 -0.28 25 X Y 013096E
182.29 -32.72 15 2.34 0.30 -2.64 1.32 3.30 -1.08 25 X Y 013096F
181.63 -32.42 15 0.21 0.20 -0.41 0.51 1.22 -0.04 24 X Y 013196A
182.33 -30.08 35 9.00 0.65 -9.65 4.96 9.14 -2.78 23 X Y 030996A
180.6 -32.63 90 1.66 -1.99 0.33 -1.74 -4.10 -1.20 24 X Y 050996A
182.13 -30.56 62 5.45 -1.32 -4.13 1.78 3.35 -0.90 23 X Y 082496B
181.42 -31.85 35 0.59 0.79 -1.38 0.80 1.12 -0.26 24 X Y 090796F
181.23 -32.49 47 1.33 0.01 -1.35 0.23 0.80 -0.56 25 X Y 111196A
181.94 -30.47 48 6.01 0.56 -6.57 4.51 3.64 -0.85 23 X Y 111796J
181.29 -34.49 15 5.89 0.82 -6.71 3.24 6.78 -3.15 23 X Y 123196A
182.38 -30.75 42 0.71 0.07 -0.78 0.25 1.04 -0.20 24 X Y 030797D
182.81 -31.12 15 0.73 0.05 -0.78 0.17 1.20 -0.23 25 X Y 031197B
181.14 -32.58 35 5.73 0.94 -6.68 -0.83 5.60 -2.80 23 X Y 040197B
180.85 -33.24 45 1.05 0.34 -1.40 0.11 0.77 -0.28 24 X Y 041397C
181.81 -31.38 38 4.04 -0.09 -3.94 -2.73 4.84 -0.89 23 X Y 051197A
183.06 -30.31 15 1.55 0.37 -1.92 0.30 1.86 -0.44 24 X Y 051897A
182.12 -32.96 15 2.61 1.16 -3.77 0.56 2.88 -1.75 23 X Y 061697D
182.26 -32.89 15 3.74 -0.46 -3.28 -0.34 1.88 -1.71 23 X Y 061797A
182.3 -32.85 15 5.60 2.36 -7.96 2.61 6.05 -2.57 23 X Y 061897B
181.98 -32.94 15 3.88 0.82 -4.70 0.71 3.39 -1.70 23 X Y 061997C
182.6 -32.05 39 4.00 2.01 -6.01 1.50 3.46 -2.55 23 X Y 063097A
182.29 -31.58 20 5.13 0.64 -5.77 1.52 3.26 -1.56 24 X Y 100797B
181.96 -30.81 46 5.63 0.95 -6.58 1.56 4.46 -1.83 24 X Y 102797B
181.3 -32.15 52 4.22 0.20 -4.42 -0.33 1.90 -2.38 23 X Y 011698A
182.52 -30.16 35 6.09 1.44 -7.53 2.07 5.86 -2.43 23 X Y 030798E
182.55 -30.20 46 5.76 0.13 -5.89 1.74 3.90 -1.87 23 X Y 030898C
181.79 -31.79 52 3.37 -0.46 -2.90 0.18 5.70 0.05 24 X Y 040298A
181.45 -31.65 67 3.54 1.01 -4.56 0.77 2.80 -1.32 23 X Y 052398D
181.32 -32.08 54 5.65 1.94 -7.60 2.87 4.81 -2.61 23 X Y 062098A
180.8 -35.28 18 1.06 0.22 -1.27 0.42 1.08 -0.54 24 X Y 092098C
180.97 -35.00 30 1.53 0.73 -2.27 0.95 1.82 -1.05 24 X Y 092098D
181.02 -35.23 27 3.84 1.42 -5.26 3.34 4.70 -1.89 23 X Y 092798D
181.24 -34.97 19 5.67 0.69 -6.35 1.86 4.30 -1.57 23 X Y 100798E
182.85 -30.06 23 0.51 0.36 -0.87 1.05 1.41 -0.36 24 X Y 110898A
180.31 -34.29 54 2.37 0.40 -2.77 0.32 1.57 -0.78 24 X Y 111198C
181.14 -32.90 47 2.16 0.59 -2.74 0.25 1.37 -0.80 24 X Y 122598B
182.07 -30.49 59 4.90 0.76 -5.66 1.07 3.26 -1.57 23 X Y 041699C
181.21 -31.79 104 1.81 -1.78 -0.03 -2.57 4.96 0.73 25 X Y 042099D
181.76 -33.69 15 1.47 0.25 -1.71 0.54 1.18 -0.67 24 X Y 050699F
181.84 -33.71 15 2.21 1.96 -4.17 2.48 8.63 -2.67 23 X Y 050899A
181.1 -34.23 15 0.21 -0.05 -0.15 0.18 1.28 -0.19 24 X Y 051299A
182.45 -30.15 36 2.70 0.02 -2.71 0.40 1.97 -1.06 25 X Y 072899B
182.68 -30.34 18 4.25 -0.36 -3.89 1.12 4.73 -1.91 25 X Y 080199B
182.26 -32.48 15 2.74 -0.17 -2.57 2.68 4.99 -1.25 24 X Y 091099F
180.95 -32.94 59 1.79 0.46 -2.25 0.36 1.02 -0.75 24 X Y 103099D
182.77 -30.13 18 5.82 1.18 -7.01 2.20 5.93 -2.40 24 X Y 112699C
181.82 -31.39 49 7.46 1.81 -9.27 0.81 4.82 -0.96 23 X Y 122799C
182.47 -30.19 44 4.08 2.43 -6.51 0.91 2.59 -1.57 23 X Y 122899D
182.38 -30.25 38 5.57 0.75 -6.32 1.37 4.12 -1.52 24 X Y 011600C
181.45 -31.94 51 5.59 0.19 -5.78 0.70 1.70 -1.71 23 X Y 042000A
181.71 -33.53 15 1.23 0.19 -1.42 0.55 1.53 -0.44 24 X Y 042600G
182.06 -30.78 38 6.10 -1.43 -4.67 0.37 -0.59 -0.15 23 X Y 100900B
182.03 -30.61 52 1.10 0.04 -1.14 0.40 0.13 -0.46 24 X Y 101700A
182.52 -30.49 57 2.66 0.51 -3.17 -4.09 0.17 -0.46 23 X Y 120100H
180.3 -34.84 28 1.52 0.28 -1.81 0.40 2.47 -0.91 24 X Y 122600C
182.32 -30.19 44 0.97 0.22 -1.19 0.03 0.35 -0.40 24 X Y 012401D
182.1 -30.69 50 1.92 -0.01 -1.92 0.15 0.61 -0.58 24 X Y 022301D
181.21 -34.93 15 1.77 0.12 -1.88 0.92 2.11 -0.74 24 X Y 031201A
182.47 -30.39 30 5.19 0.48 -5.67 -0.83 3.18 0.75 23 X Y 043001B
182.39 -30.21 28 3.81 1.60 -5.41 -2.44 5.52 0.16 23 X Y 072001F
182.36 -30.39 32 1.83 0.11 -1.94 0.71 1.86 -0.46 24 X Y 080901B
181.05 -34.76 22 0.88 0.35 -1.23 0.49 1.07 -0.58 24 X Y 081401A
180.92 -36.70 59 4.66 -1.75 -2.91 0.64 -1.67 -2.62 26 X Y 082101B
183.68 -31.08 32 3.60 -3.42 -0.18 -2.51 -4.13 -2.65 24 X Y 112201A
181.87 -32.95 15 2.17 0.18 -2.35 1.43 3.73 -0.58 24 X Y 112701A
181.94 -33.08 15 1.02 -0.06 -0.95 0.16 1.15 -0.15 24 X Y 112701C
181.63 -32.36 15 3.18 1.21 -4.39 3.38 5.00 -0.55 23 X Y 112801A
181.52 -33.18 15 0.13 0.68 -0.81 2.69 9.18 -1.84 23 X Y 113001D
182.2 -33.02 15 1.11 0.12 -1.23 0.62 1.37 -0.34 24 X Y 113001F
182.29 -32.96 15 6.41 2.33 -8.73 4.46 8.71 -3.06 23 X Y 113001G
182.29 -32.99 15 4.39 1.34 -5.73 2.61 4.82 -1.91 23 X Y 113001I
182.01 -30.29 46 5.43 -2.99 -2.44 1.68 2.37 2.69 23 X Y 122501A
182.39 -30.10 39 5.01 0.53 -5.55 1.18 3.92 -1.43 24 X Y 122501C
182.84 -30.29 40 3.33 -1.71 -1.62 1.44 3.16 -0.93 23 X Y 122601B
181.04 -33.16 24 1.19 0.24 -1.43 -0.05 1.00 -0.21 24 X Y 030102C
180.84 -33.18 49 2.50 0.11 -2.61 0.32 1.70 -0.86 24 X Y 031702I
183.06 -30.66 15 2.28 0.10 -2.37 0.57 1.81 -0.49 24 X Y 081302G
182.02 -31.19 39 5.54 1.80 -7.34 0.63 4.56 -1.83 23 X Y 081802D
182.99 -30.60 46 2.09 -0.78 -1.31 0.04 2.09 -0.43 23 X Y 082302B
181.51 -34.33 15 2.90 -2.15 -0.75 -1.81 3.47 -0.92 23 X Y 102802B
180.76 -35.19 15 4.11 0.30 -4.41 1.44 5.17 -2.26 24 X Y 120102A
180.49 -34.87 15 0.47 -0.53 0.06 0.08 1.36 -0.28 24 X Y 021603A
181.0 -34.53 28 4.62 0.66 -5.28 2.18 5.30 -2.38 23 X Y 021603D
181.51 -34.74 63 0.95 -0.47 -0.48 0.20 -0.03 -0.54 24 X Y 030203A
181.1 -33.28 15 2.18 -0.17 -2.01 3.26 8.57 -1.89 23 X Y 030903B
182.27 -30.65 41 0.92 0.03 -0.95 0.11 0.67 -0.30 26 X Y 050403A
182.22 -30.56 47 3.59 0.12 -3.71 0.37 2.53 -1.02 25 X Y 050403D
182.53 -30.25 26 3.53 0.41 -3.93 1.87 4.33 -1.68 23 X Y 051003F
180.32 -33.57 15 0.20 -0.08 -0.13 -0.19 0.96 -0.03 24 X Y 060303B
181.14 -32.76 44 1.23 0.06 -1.29 0.22 0.93 -0.49 24 X Y 081903A
181.15 -32.83 43 1.74 0.24 -1.98 0.43 1.14 -0.48 24 X Y 082603C
182.13 -30.69 40 5.72 0.39 -6.10 -1.57 -1.52 -0.71 23 X Y 083003C
183.32 -30.34 15 3.24 -0.76 -2.48 0.46 3.84 -0.61 23 X Y 092903J
183.12 -30.43 15 1.83 0.00 -1.83 1.11 3.64 -0.60 25 X Y 093003H
183.24 -30.54 15 0.56 -0.01 -0.56 0.41 0.67 -0.22 25 X Y 093003J
183.14 -30.26 15 1.59 0.08 -1.67 0.76 2.38 -0.59 24 X Y 093003M
183.62 -30.71 15 0.83 -0.19 -0.64 0.16 0.58 -0.38 24 X Y 100203A
183.59 -30.51 15 0.94 -0.25 -0.69 0.27 0.44 -0.22 24 X Y 100203B
182.87 -30.52 15 1.84 -0.33 -1.52 -0.42 8.73 -2.59 23 X Y 100303B
182.9 -30.05 35 0.70 -0.10 -0.60 0.05 0.46 -0.20 24 X Y 010404B
181.45 -32.04 49 0.63 0.12 -0.75 -0.14 0.61 0.09 24 X Y 011804C
182.43 -30.26 44 3.33 -0.34 -2.99 0.37 1.34 -0.92 23 X Y 020104F
182.51 -30.25 51 4.35 0.75 -5.09 0.27 1.83 -0.92 23 X Y 022704E
182.11 -32.42 23 2.91 -0.15 -2.77 0.14 1.89 -0.82 23 X Y 030404A
181.99 -32.40 19 1.42 -0.04 -1.38 0.19 1.64 -0.43 24 X Y 030404B
182.18 -32.39 15 1.01 0.05 -1.05 0.41 2.08 -0.33 24 X Y 030704A
182.33 -32.50 12 2.93 -0.12 -2.81 0.78 4.24 -1.30 24 X Y 030704D
182.61 -32.45 25 0.96 -0.07 -0.89 0.20 1.04 -0.18 24 X Y 030704G
182.27 -32.41 15 1.33 -0.01 -1.31 0.50 3.40 -0.37 24 X Y 030704I
182.29 -32.54 17 3.49 -0.32 -3.17 -0.52 4.75 -1.07 23 X Y 030804A
182.38 -32.20 15 3.57 0.12 -3.69 0.55 5.07 -1.24 24 X Y 030904E
182.38 -32.06 16 1.36 -0.06 -1.31 0.75 2.01 -0.44 25 X Y 030904G
182.31 -32.47 36 2.73 1.62 -4.36 0.65 1.61 -1.01 23 X Y 031004A
182.4 -32.48 13 2.88 -0.11 -2.76 0.17 2.60 -1.06 24 X Y 031004C
182.28 -32.39 13 1.16 0.54 -1.70 -0.43 0.88 -1.23 23 X Y 031004D
182.5 -32.54 12 1.04 0.03 -1.07 0.14 1.19 -0.41 24 X Y 031004E
182.33 -32.01 14 0.87 -0.03 -0.84 0.20 0.97 -0.37 24 X Y 031104A
182.38 -32.09 18 0.76 -0.11 -0.65 0.11 0.99 -0.25 24 X Y 031104B
182.03 -32.42 16 1.76 -0.04 -1.72 0.42 2.26 -0.53 24 X Y 031404B
182.5 -32.02 16 1.77 0.21 -1.99 -1.41 4.68 -1.14 23 X Y 031604A
182.28 -32.07 15 1.62 0.55 -2.17 0.80 1.57 -0.60 23 X Y 031604B
182.28 -31.90 17 3.17 0.00 -3.18 -0.38 5.58 -1.32 23 X Y 031704G
181.46 -33.01 37 2.25 0.21 -2.46 0.32 -1.43 -0.53 23 X Y 041404D
182.84 -30.01 17 0.95 -0.13 -0.82 -0.06 1.22 -0.35 24 X Y 051304F
182.45 -32.26 12 0.79 -0.03 -0.76 0.17 1.10 -0.28 24 X Y 052104C
182.14 -32.44 15 2.21 -0.02 -2.20 0.68 4.22 -0.66 24 X Y 052404B
181.14 -32.78 50 1.40 -0.07 -1.33 0.12 0.65 -0.53 25 X Y 060204B
182.54 -30.45 38 4.43 0.14 -4.57 0.67 3.16 -1.58 24 X Y 060204F
181.53 -30.22 129 0.41 0.45 -0.86 -0.42 -2.29 0.88 24 X Y 061004L
180.91 -33.89 45 1.05 0.04 -1.09 0.09 0.40 -0.36 24 X Y 062804F
180.87 -33.88 48 4.50 -0.63 -3.86 1.50 2.09 -1.85 23 X Y 062904A
181.95 -32.88 19 5.13 -0.43 -4.70 0.11 5.66 -1.97 23 X Y 072304B
180.85 -33.74 56 5.23 0.01 -5.25 0.38 1.50 -3.08 23 X Y 072804I
182.54 -30.20 56 1.58 0.10 -1.68 -0.23 0.50 -0.17 23 X Y 093004B
181.91 -32.63 20 2.34 0.08 -2.42 -0.33 2.43 -1.19 23 X Y 110104A
181.94 -32.79 18 4.48 -0.03 -4.45 0.43 6.08 -1.09 23 X Y 110104B
181.9 -32.77 18 5.30 -0.50 -4.81 0.33 5.84 -1.54 23 X Y 110104C
182.57 -30.13 44 5.70 0.43 -6.13 -0.02 3.55 -2.37 23 X Y 111704C
182.23 -32.28 14 3.63 0.16 -3.79 1.01 5.06 -1.58 23 X Y 111804B
182.73 -30.44 24 2.84 -0.83 -2.01 -0.89 1.69 -0.96 23 X Y 120704A
182.49 -30.56 31 0.70 -0.03 -0.67 0.14 0.50 -0.22 24 X Y 200501070527A
181.49 -32.73 12 0.22 -0.01 -0.21 0.59 1.48 -0.02 24 X Y 200501201358A
182.24 -31.04 37 0.76 0.01 -0.78 0.09 0.53 -0.27 24 X Y 200501202020A
181.56 -32.68 24 1.04 -0.16 -0.88 0.85 1.23 -0.49 24 X Y 200501212048A
182.49 -31.67 14 1.53 -0.05 -1.48 0.22 1.57 -0.41 24 X Y 200501221127A
182.66 -31.43 23 2.69 -0.46 -2.23 -1.09 1.95 -0.87 23 X Y 200501221230A
182.59 -31.07 28 2.14 -0.25 -1.88 0.69 1.59 -0.31 23 X Y 200502080959A
182.7 -30.45 26 0.71 -0.03 -0.68 0.05 0.65 -0.25 24 X Y 200502280829A
183.54 -30.07 12 1.98 0.17 -2.16 1.65 1.56 -0.31 23 X Y 200503011231A
181.23 -32.96 46 1.10 -0.18 -0.92 0.15 0.41 -0.51 24 X Y 200503031154A
182.15 -32.50 29 2.48 -0.94 -1.54 0.58 1.62 -0.93 23 X Y 200504270433A
181.73 -33.52 24 1.98 0.01 -1.98 0.54 1.14 -0.46 23 X Y 200505091341A
181.22 -32.78 46 6.17 -0.34 -5.83 -0.02 3.32 -1.58 25 X Y 200505160354A
181.42 -32.73 46 1.35 -0.13 -1.22 0.15 0.57 -0.35 24 X Y 200505160959A
182.33 -30.07 40 0.69 0.02 -0.71 0.09 0.40 -0.23 25 X Y 200505292144A
181.38 -32.77 51 4.44 0.07 -4.51 0.60 1.24 -1.93 23 X Y 200506011356A
181.32 -32.87 49 0.77 0.01 -0.78 0.07 0.31 -0.21 24 X Y 200506011711A
180.72 -36.81 41 2.61 -0.33 -2.28 0.06 -0.70 -1.03 23 X Y 200506052003A
180.29 -36.07 26 3.31 -0.47 -2.84 0.86 3.87 -1.96 23 X Y 200507131023A
181.17 -32.86 53 2.76 -0.09 -2.67 0.39 1.15 -1.01 23 X Y 200507151345A
182.71 -30.63 22 1.60 0.75 -2.35 0.50 0.54 -0.33 23 X Y 200507192147A
182.33 -30.04 61 1.03 0.08 -1.10 -0.08 0.51 -0.24 25 X Y 200507230851A
182.41 -30.09 56 0.76 0.11 -0.88 0.11 0.29 -0.17 24 X Y 200508170940A
183.06 -30.68 21 2.61 -0.40 -2.21 0.18 2.49 -0.44 23 X Y 200510251915A
182.0 -33.00 32 3.98 -1.14 -2.84 -0.06 1.04 -1.60 23 X Y 200510270725A
181.92 -33.09 26 4.69 -0.48 -4.21 0.51 4.48 -0.74 23 X Y 200510272104A
182.43 -30.12 45 3.72 0.38 -4.09 0.32 2.41 -0.59 24 X Y 200511020309A
182.4 -30.55 52 5.50 0.23 -5.73 -0.99 2.45 -1.20 23 X Y 200511090022A
181.46 -32.32 54 6.79 -0.22 -6.58 -0.28 2.29 -2.22 23 X Y 200511120616A
180.55 -34.57 45 2.40 -0.07 -2.33 0.03 0.94 -0.40 23 X Y 200511151159A
182.21 -30.06 48 5.88 1.49 -7.37 0.20 -1.16 0.92 23 X Y 200511191809A
181.29 -32.84 63 6.33 -0.69 -5.64 -1.22 1.73 -0.56 23 X Y 200511250548A
181.32 -33.63 49 1.30 1.15 -2.45 1.80 0.79 0.50 23 X Y 200512040432A
181.32 -32.79 42 0.88 -0.34 -0.54 -0.36 0.37 0.50 24 X Y 200512161935A
182.64 -30.46 32 2.28 -0.13 -2.15 0.41 2.00 -0.81 24 X Y 200601260116A
182.81 -30.59 34 2.99 -0.49 -2.50 0.48 1.94 -0.96 23 X Y 200601260632A
181.81 -33.88 50 2.01 0.62 -2.63 0.05 1.61 -1.66 23 X Y 200602140117A
182.06 -32.92 22 1.51 -0.14 -1.37 -0.40 1.60 -0.40 23 X Y 200602191855A
181.83 -32.74 28 2.01 -0.20 -1.80 0.01 0.39 -0.10 23 X Y 200602201827A
182.54 -30.24 44 5.31 -0.42 -4.89 0.48 2.31 -1.72 23 X Y 200603230325A
183.57 -30.01 35 1.92 -0.16 -1.76 -0.32 -0.12 0.19 24 X Y 200603311543A
181.09 -31.41 151 1.07 -0.50 -0.57 -0.31 1.46 0.37 27 X Y 200605161039A
182.42 -32.23 23 3.23 -1.24 -1.99 0.40 1.79 -0.65 23 X Y 200605170921A
181.83 -32.86 33 3.17 0.25 -3.42 0.58 2.78 -1.22 23 X Y 200609010437A
181.75 -32.73 28 0.56 -0.03 -0.53 0.23 0.58 -0.28 24 X Y 200609010634A
180.94 -33.35 57 0.87 -0.03 -0.84 0.01 0.18 -0.30 24 X Y 200609130143A
181.4 -34.42 27 3.89 -0.73 -3.16 0.56 4.13 -2.17 23 X Y 200610020434A
181.69 -31.85 57 2.88 0.81 -3.69 -0.02 0.53 -1.55 23 X Y 200610310313A
181.87 -34.03 12 0.88 -0.06 -0.82 0.25 1.22 -0.26 24 X Y 200611261736A
182.65 -30.07 40 3.76 0.50 -4.25 0.69 2.08 -1.58 23 X Y 200703050110A
182.67 -30.21 44 3.48 0.52 -4.00 0.04 1.96 -1.24 23 X Y 200703050115A
182.07 -33.10 21 4.71 -0.21 -4.50 1.12 5.84 -1.81 23 X Y 200703200925A
182.0 -33.16 19 4.40 -0.31 -4.09 0.99 4.95 -1.42 23 X Y 200703201014A
181.96 -33.33 24 3.46 -0.56 -2.90 0.66 3.59 -1.18 23 X Y 200703310258A
181.72 -33.96 14 1.07 -0.10 -0.97 0.07 1.27 -0.41 24 X Y 200704201514A
181.61 -33.97 18 1.50 -0.07 -1.43 -0.07 2.08 -0.34 24 X Y 200705031356A
182.27 -30.62 50 0.95 0.00 -0.95 0.09 0.44 -0.28 25 X Y 200705171929A
181.84 -33.79 21 3.01 -0.71 -2.31 0.39 2.98 -0.86 23 X Y 200706011523A
183.14 -30.43 29 2.93 0.31 -3.24 1.13 2.24 -1.32 23 X Y 200708110026A
181.6 -33.70 12 1.11 0.14 -1.25 0.11 1.38 -0.42 24 X Y 200708191330A
180.96 -33.25 58 1.28 0.04 -1.32 -0.03 0.40 -0.49 24 X Y 200709040941A
181.71 -32.90 20 2.17 0.17 -2.34 0.60 1.10 -1.21 23 X Y 200710081309A
182.14 -33.05 17 0.57 -0.04 -0.53 0.27 0.80 -0.14 24 X Y 200710121443A
182.16 -33.03 12 0.85 0.07 -0.92 0.14 1.35 -0.30 24 X Y 200710160841A
181.05 -33.04 55 0.84 -0.00 -0.84 0.02 0.33 -0.30 24 X Y 200711210809A
182.46 -31.93 28 2.76 -0.21 -2.55 -0.19 2.97 -0.64 23 X Y 200711281341A
182.45 -30.27 39 0.83 -0.09 -0.74 0.09 0.49 -0.26 24 X Y 200801071916A
181.44 -34.47 17 1.14 -0.06 -1.08 0.18 1.66 -0.30 24 X Y 200802270454A
181.1 -34.85 20 5.45 -0.95 -4.50 1.75 5.80 -1.68 23 X Y 200802270527A
181.2 -34.67 32 2.62 -0.32 -2.30 0.61 2.35 -1.76 23 X Y 200802271544A
180.86 -35.23 25 0.55 -0.08 -0.47 0.20 0.65 -0.25 24 X Y 200803012154A
180.93 -35.19 19 1.84 -0.34 -1.51 0.74 2.39 -0.96 24 X Y 200803012306A
182.25 -32.43 20 0.91 -0.06 -0.85 0.25 1.12 -0.20 24 X Y 200805161106A
182.79 -30.56 31 5.00 -0.67 -4.33 0.46 2.71 -1.60 23 X Y 200805191924A
181.73 -33.63 21 2.73 -0.38 -2.35 0.44 2.64 -0.69 23 X Y 200806051853A
181.63 -31.64 59 6.73 -0.17 -6.56 0.01 1.76 -1.79 23 X Y 200806111430A
181.73 -33.08 21 2.83 0.69 -3.52 0.21 2.67 -1.23 23 X Y 200808020310A
182.81 -31.71 12 4.41 0.02 -4.43 0.92 4.77 -1.08 24 X Y 200809041609A
183.3 -30.03 18 0.79 -0.04 -0.74 0.18 0.78 -0.18 24 X Y 200810041450A
183.3 -30.00 14 1.27 -0.05 -1.22 0.33 1.28 -0.38 25 X Y 200810050912A
182.82 -31.15 13 0.57 0.02 -0.59 0.04 0.60 -0.17 24 X Y 200810051409A
182.62 -30.07 42 2.81 -0.07 -2.74 0.55 1.71 -0.54 24 X Y 200811250136A
182.63 -31.07 19 2.46 0.25 -2.71 -0.34 2.85 -0.84 23 X Y 200812200610A
182.42 -30.06 52 4.07 0.05 -4.12 0.46 1.82 -1.07 25 X Y 200901181411A
182.54 -30.12 42 3.44 1.18 -4.62 0.55 1.80 -0.95 23 X Y 200901232127A
182.31 -31.14 22 4.62 0.23 -4.85 0.57 5.09 -0.75 24 X Y 200902121854A
182.15 -30.78 53 0.93 -0.01 -0.92 -0.04 0.05 -0.31 24 X Y 200902130217A
181.46 -30.56 12 0.80 -0.28 -0.51 -0.25 -0.12 0.16 25 X Y 200902170330A
181.32 -34.76 25 4.13 -0.52 -3.61 1.30 5.33 -1.15 23 X Y 200903011911A
182.33 -30.03 55 5.98 0.29 -6.28 0.45 2.31 -0.75 23 X Y 200903151808A
181.84 -31.43 64 4.21 -0.07 -4.14 -0.47 0.58 -1.93 23 X Y 200904031437A
182.4 -30.22 49 6.44 0.11 -6.54 0.19 3.15 -2.14 23 X Y 200904141248A
182.87 -31.44 12 4.45 0.09 -4.54 -0.50 4.80 0.03 23 X Y 200904240537A
181.76 -30.19 152 0.09 -0.21 0.12 0.44 1.70 -0.27 25 X Y 200904260006A
181.61 -30.03 128 0.54 -0.33 -0.21 -0.57 -2.49 -1.00 23 X Y 200905031401A
181.88 -31.56 48 6.10 0.20 -6.31 0.53 3.08 -1.99 25 X Y 200905160053A
182.59 -31.27 16 0.60 -0.03 -0.57 0.10 0.88 -0.24 24 X Y 200905201243A
182.7 -31.41 14 3.62 -0.17 -3.45 1.05 4.36 -1.20 24 X Y 200905240058A
182.7 -31.32 13 0.80 0.00 -0.80 0.24 0.78 -0.25 24 X Y 200905240200A
182.64 -31.38 14 3.06 0.27 -3.33 -0.52 2.16 -1.47 23 X Y 200905240321A
182.0 -32.40 20 0.84 -0.08 -0.75 0.08 0.78 -0.29 24 X Y 200906300414A
180.89 -32.28 123 0.50 -0.02 -0.49 0.17 0.87 0.37 24 X Y 200908101423A
181.01 -33.35 56 5.73 0.36 -6.09 -1.75 2.37 -2.51 23 X Y 200909221917A
182.76 -30.91 18 2.68 0.76 -3.44 -0.72 2.42 -1.19 23 X Y 200909251407A
181.97 -33.32 13 3.63 -0.36 -3.27 -0.29 4.33 -1.64 23 X Y 200910150552A
182.84 -31.61 12 6.02 -0.58 -5.44 0.69 5.03 -1.86 24 X Y 201001151014A
182.81 -31.58 12 0.87 -0.13 -0.75 0.01 0.61 -0.34 24 X Y 201001151038A
181.88 -33.90 16 0.47 -0.05 -0.42 0.08 0.78 -0.20 24 X Y 201003230633A
182.52 -31.32 21 3.20 -0.41 -2.79 0.32 2.23 -0.86 23 X Y 201004151340A
180.99 -33.02 56 1.37 -0.05 -1.32 0.05 0.56 -0.59 24 X Y 201006060220A
182.21 -30.78 58 3.28 0.31 -3.59 0.76 1.07 -0.67 23 X Y 201007110300A
182.12 -30.71 51 4.28 -0.88 -3.40 0.92 3.23 -2.19 23 X Y 201009060954A
182.45 -30.19 54 4.33 0.24 -4.58 -0.53 -0.09 -1.38 23 X Y 201010040005A
181.86 -33.41 20 4.53 -0.31 -4.22 0.85 4.06 -1.31 23 X Y 201010211150A
181.62 -33.50 17 4.13 -0.37 -3.76 1.10 6.38 -1.32 24 X Y 201011221618A
182.59 -31.36 32 4.29 -2.46 -1.83 0.98 1.25 -1.29 23 X Y 201012081109A
182.4 -30.16 50 0.81 -0.04 -0.77 0.08 0.23 -0.25 24 X Y 201012160210A
182.04 -31.83 38 3.83 -0.88 -2.95 0.64 2.28 -1.08 23 X Y 201012302346A
182.56 -30.98 24 3.78 -0.15 -3.63 0.20 1.96 -0.67 23 X Y 201102092123A
182.6 -31.11 21 2.21 -0.14 -2.07 -0.18 1.96 -0.33 24 X Y 201102120303A
181.57 -30.90 129 0.50 0.07 -0.58 -0.06 1.61 -0.23 24 X Y 201103062345A
182.04 -32.94 20 0.98 -0.11 -0.87 0.18 1.11 -0.31 24 X Y 201104140545A
182.04 -30.81 53 6.91 -0.37 -6.54 -0.25 0.66 -2.05 24 X Y 201105212117A
182.48 -31.81 18 4.25 -0.43 -3.82 2.31 5.23 -1.67 23 X Y 201106011921A
182.36 -30.29 46 2.47 0.07 -2.53 0.11 1.21 -0.23 24 X Y 201106092016A
182.71 -30.33 33 4.44 0.05 -4.49 0.78 3.22 -2.02 23 X Y 201106211147A
181.88 -33.63 22 3.54 -0.90 -2.64 0.55 3.10 -1.14 23 X Y 201107071347A
181.86 -33.61 18 0.60 -0.06 -0.55 0.11 0.75 -0.19 24 X Y 201107071453B
182.25 -32.62 28 1.47 -0.47 -1.00 0.63 0.87 -0.32 24 X Y 201107100657A
182.44 -32.62 22 3.95 -0.54 -3.41 0.44 2.67 -0.92 23 X Y 201107101207A
180.24 -34.94 43 2.98 0.24 -3.22 0.18 1.12 -1.10 23 X Y 201107171139A
182.52 -30.57 32 0.76 0.02 -0.78 0.13 0.51 -0.17 24 X Y 201107190220A
182.07 -31.29 41 6.17 -0.56 -5.62 0.08 3.31 -1.47 23 X Y 201107311329A
181.88 -30.36 72 2.23 0.41 -2.63 1.68 1.91 -0.82 23 X Y 201108100713A
182.43 -30.41 39 1.69 -0.23 -1.46 0.18 1.02 -0.47 24 X Y 201108130714A
181.27 -32.49 49 1.57 -0.26 -1.31 0.40 0.72 -0.69 25 X Y 201110070858A
181.26 -32.42 51 5.20 -1.78 -3.42 1.64 1.53 -1.80 23 X Y 201110071214A
183.0 -30.66 12 6.03 -1.50 -4.52 1.37 4.66 -2.86 23 X Y 201111270912A
182.28 -30.55 48 0.75 -0.03 -0.72 0.05 0.39 -0.20 24 X Y 201112041445A
181.28 -32.54 50 0.91 -0.11 -0.81 0.05 0.37 -0.29 25 X Y 201112151010A
181.89 -32.69 24 4.77 -0.45 -4.33 1.00 3.98 -1.12 23 X Y 201112171018A
181.34 -33.19 30 3.65 -1.72 -1.92 -0.23 -1.24 2.73 24 X Y 201112211337A
181.96 -32.41 21 3.62 -0.70 -2.92 0.85 2.22 -0.71 23 X Y 201112301729A
181.95 -32.39 19 4.80 -0.21 -4.59 1.11 4.73 -0.58 23 X Y 201112302137A
182.05 -32.39 25 5.21 -0.95 -4.26 0.34 4.11 -0.92 23 X Y 201112302143A
181.78 -32.64 30 3.80 -0.86 -2.94 2.72 4.91 -1.70 23 X Y 201201131749A
181.56 -33.68 15 0.76 0.04 -0.79 0.20 1.07 -0.22 24 X Y 201202130558A
181.77 -33.65 27 3.61 -0.55 -3.06 0.48 3.40 -1.01 23 X Y 201202130750A
181.38 -32.35 47 4.50 -0.82 -3.68 0.81 1.38 -1.48 23 X Y 201202131012A
182.85 -30.63 24 3.06 -0.81 -2.25 0.49 0.47 -0.82 23 X Y 201204292235A
181.59 -31.69 61 4.64 0.58 -5.22 -0.01 1.14 -1.00 23 X Y 201206121348A
181.85 -32.75 20 1.16 -0.10 -1.06 0.22 1.13 -0.29 24 X Y 201206212352A
181.94 -32.80 23 0.85 -0.12 -0.73 0.21 0.66 -0.19 24 X Y 201206220003B
181.86 -32.81 20 2.66 -0.22 -2.43 0.42 2.55 -0.70 24 X Y 201206220220A
182.01 -32.71 22 3.46 -0.09 -3.38 0.36 3.61 -1.07 23 X Y 201206220502A
181.97 -32.95 23 5.53 -0.21 -5.31 1.15 4.80 -1.74 23 X Y 201206221212A
182.02 -30.71 42 5.22 -1.72 -3.50 1.92 5.24 -2.02 23 X Y 201207041436A
183.04 -30.19 19 5.17 -0.77 -4.39 -0.07 3.85 -1.46 23 X Y 201207221815A
182.76 -30.34 29 3.22 -1.25 -1.97 -0.52 1.19 -1.78 23 X Y 201207231947A
180.83 -35.50 25 0.53 -0.10 -0.43 0.18 0.76 -0.22 24 X Y 201208010924A
180.99 -35.65 31 2.76 -0.28 -2.48 0.93 2.50 -0.98 23 X Y 201208040956A
180.74 -35.65 21 5.58 -0.85 -4.73 0.94 4.67 -1.96 23 X Y 201208041254A
180.83 -33.32 54 2.93 -0.23 -2.70 0.16 1.28 -0.99 24 X Y 201208241001A
182.38 -30.49 41 3.45 0.17 -3.62 -1.03 1.82 -0.25 23 X Y 201209091436A
183.49 -30.52 46 1.05 -0.54 -0.51 0.35 0.38 -0.56 24 X Y 201210191534A
183.05 -30.96 17 2.35 -0.76 -1.59 1.57 2.06 -1.07 23 X Y 201212052341A
183.01 -30.88 17 3.28 -1.01 -2.28 0.05 2.00 -1.13 23 X Y 201212081226A
182.05 -30.86 52 1.49 -0.00 -1.49 -0.15 0.03 -0.31 24 X Y 201212130053A
182.83 -30.24 31 4.23 -2.00 -2.24 -2.46 1.69 -1.32 23 X Y 201212200606A
182.12 -30.66 51 6.24 -0.74 -5.50 0.69 1.56 -2.23 24 X Y 201302181219A
182.11 -30.66 52 1.85 -0.05 -1.80 0.23 0.00 -0.55 24 X Y 201302181632A
182.19 -32.13 17 2.96 -0.44 -2.52 0.89 2.85 -1.30 24 X Y 201302242054A
182.37 -32.28 21 2.26 -0.02 -2.24 2.42 2.30 -1.14 23 X Y 201302250007A
182.32 -32.15 28 6.25 -1.30 -4.96 1.39 4.41 -2.32 23 X Y 201302250805A
182.82 -30.81 19 2.94 -0.42 -2.52 -0.29 1.73 -0.97 23 X Y 201302270649A
182.87 -30.74 19 3.22 -0.41 -2.81 -0.14 1.87 0.05 23 X Y 201303060700A
180.93 -33.17 56 1.46 -0.12 -1.34 -0.03 0.50 -0.43 24 X Y 201303261736A
182.28 -31.54 27 3.77 -0.98 -2.80 0.43 2.27 -1.47 23 X Y 201304050627A
182.23 -31.61 23 4.89 -0.80 -4.10 0.61 2.46 -1.62 23 X Y 201304051000A
181.67 -31.66 62 3.17 0.76 -3.93 0.73 0.75 -2.49 23 X Y 201307091822A
182.81 -30.15 28 1.65 -0.21 -1.44 0.37 1.21 -0.45 24 X Y 201307101425A
182.86 -30.18 28 2.99 -0.49 -2.50 0.62 2.06 -0.81 24 X Y 201307101444B
183.7 -30.43 45 3.24 -3.07 -0.17 0.44 -2.12 -3.78 24 X Y 201307191140A
182.01 -30.83 51 4.56 -0.21 -4.35 0.28 2.12 -1.43 25 X Y 201309300555A
182.06 -30.79 54 4.08 0.14 -4.22 0.75 1.26 -1.62 23 X Y 201310040831A
182.28 -30.32 49 4.14 0.56 -4.70 -0.28 1.23 -0.56 23 X Y 201310051435A
181.57 -30.57 156 2.05 0.08 -2.13 -0.34 1.41 -0.00 25 X Y 201310112124A
181.92 -30.86 62 2.55 -0.19 -2.35 -0.35 -1.08 -1.04 24 X Y 201310240025A
181.97 -32.85 21 2.12 -0.51 -1.61 0.83 1.08 -0.96 23 X Y 201311050531A
182.31 -32.97 51 4.99 -2.08 -2.91 -1.40 -0.66 -2.87 25 X Y 201402020926A
181.42 -32.71 46 4.06 0.10 -4.16 0.14 1.69 -1.28 23 X Y 201402130141A
181.05 -34.82 17 1.39 -0.26 -1.13 0.47 1.77 -0.49 24 X Y 201402180814A
181.43 -32.19 50 5.67 0.31 -5.98 0.57 2.35 -1.97 23 X Y 201402200518A
181.95 -33.25 22 3.32 -0.79 -2.53 0.69 3.32 -1.05 23 X Y 201403222130A
181.19 -32.90 48 4.64 -0.22 -4.43 0.17 1.89 -1.98 23 X Y 201404300521A
182.45 -30.23 41 1.26 -0.09 -1.16 0.14 0.67 -0.28 24 X Y 201405290639A
182.64 -30.17 31 0.89 -0.01 -0.88 0.18 0.77 -0.30 24 X Y 201405302248A
181.05 -32.97 51 1.97 -0.17 -1.80 0.08 0.81 -0.58 24 X Y 201406020631A
182.87 -30.03 26 1.91 -0.09 -1.83 0.43 1.72 -0.52 26 X Y 201406231919A
182.3 -30.03 12 0.63 0.97 -1.60 3.91 5.27 -0.84 25 X Y 201406231921A
183.42 -30.08 18 2.42 -0.06 -2.36 -1.55 1.37 -0.67 23 X Y 201406261945A
183.28 -30.06 23 1.14 -0.42 -0.72 0.14 0.45 -0.27 24 X Y 201406302045A
183.33 -30.12 24 4.77 -0.28 -4.49 1.43 4.62 -0.98 23 X Y 201407011811A
183.47 -30.07 30 5.08 -1.62 -3.47 -0.21 1.51 -1.78 23 X Y 201407011819A
182.36 -32.33 22 4.17 -0.01 -4.16 0.82 4.20 -1.45 23 X Y 201407030125A
183.7 -30.35 49 2.90 -2.39 -0.51 -0.50 -1.82 -2.57 25 X Y 201407031950A
182.27 -30.38 47 0.63 0.18 -0.81 -0.20 0.40 -0.10 24 X Y 201407050118A
181.54 -33.20 18 1.05 -0.48 -0.57 0.75 0.72 -0.50 24 X Y 201407081435A
183.21 -30.27 20 2.89 -0.34 -2.55 -0.11 1.59 -0.37 23 X Y 201408031739A
183.11 -30.30 12 3.33 0.77 -4.10 0.18 1.81 -0.27 23 X Y 201408041650A
180.79 -33.27 56 1.00 0.09 -1.09 -0.22 -0.69 -0.29 24 X Y 201410231218A
180.06 -36.14 25 3.51 -0.56 -2.95 0.29 3.03 -1.51 23 X Y 201411101523A
182.55 -30.06 42 3.01 -0.39 -2.62 0.49 1.58 -1.02 24 X Y 201411102138A
182.25 -30.59 48 6.08 -0.14 -5.94 0.07 3.29 -2.67 23 X Y 201412140714A
182.44 -31.58 24 2.43 0.22 -2.65 0.52 0.78 -0.93 23 X Y 201502020241A
181.97 -31.15 53 4.68 -0.38 -4.31 -1.03 1.87 -0.87 23 X Y 201502201539A
182.98 -30.20 23 6.04 -0.31 -5.73 -0.14 1.61 -0.26 23 X Y 201503111853A
182.02 -31.63 37 3.80 -0.30 -3.50 0.82 2.92 -1.00 23 X Y 201503211313A
181.97 -30.17 159 1.55 -0.96 -0.59 0.66 2.56 1.24 23 X Y 201504180241A
180.22 -35.02 42 0.53 -0.06 -0.47 0.06 0.68 -0.27 24 X Y 201504181116A
182.06 -30.68 55 4.89 0.32 -5.21 0.43 0.80 -1.75 23 X Y 201504221703A
181.14 -35.13 20 3.43 -0.35 -3.08 0.27 3.53 -1.32 23 X Y 201505131918A
180.98 -35.16 12 0.68 -0.12 -0.56 0.08 0.50 -0.31 24 X Y 201505151540A
180.94 -35.19 23 2.74 -0.35 -2.39 0.03 1.04 0.04 23 X Y 201505191048A
180.98 -35.06 12 0.80 -0.09 -0.71 0.01 0.47 -0.27 24 X Y 201506242206A
182.35 -32.22 14 5.68 -0.25 -5.43 1.04 5.19 -1.76 24 X Y 201506251845A
182.38 -32.28 30 2.89 -0.94 -1.95 0.99 1.69 -1.05 23 X Y 201506252257A
182.51 -32.28 24 2.20 -0.55 -1.66 0.21 2.06 -0.93 23 X Y 201506260251A
182.42 -32.20 30 3.97 -0.40 -3.57 0.82 3.46 -0.70 23 X Y 201506281253A
182.49 -32.46 12 0.85 -0.24 -0.61 0.30 0.99 -0.35 24 X Y 201506301219A
182.31 -32.05 16 5.02 -0.22 -4.80 1.65 6.25 -1.52 23 X Y 201507021906A
182.38 -32.04 18 2.55 -0.55 -2.00 -0.06 2.02 -0.93 23 X Y 201507021922A
180.95 -35.28 21 3.91 -0.88 -3.03 0.56 3.03 -1.06 23 X Y 201507041608A
182.25 -31.99 20 4.96 -0.22 -4.74 0.18 5.67 -1.31 23 X Y 201507041728A
182.4 -32.11 31 3.81 -0.82 -2.99 0.72 2.37 -0.88 23 X Y 201507041734A
180.72 -35.34 26 2.24 -0.28 -1.96 0.64 2.04 -0.46 24 X Y 201507070535A
180.75 -35.53 28 2.64 -0.83 -1.81 0.96 2.06 -1.01 24 X Y 201507070620A
182.09 -32.83 18 0.65 -0.07 -0.58 0.15 0.76 -0.15 24 X Y 201508131558A
182.68 -31.05 22 3.70 -0.10 -3.61 0.37 2.98 -0.78 23 X Y 201508310607A
182.27 -32.83 12 1.54 -0.09 -1.45 0.37 1.71 -0.44 25 X Y 201509070913A
182.24 -32.94 15 0.52 -0.04 -0.49 0.15 0.69 -0.18 25 X Y 201509071406A
182.17 -33.04 18 0.78 -0.09 -0.69 0.15 0.91 -0.21 24 X Y 201509072024A
181.94 -32.69 24 0.70 -0.14 -0.56 -0.01 0.42 -0.08 24 X Y 201509080250A
181.85 -33.07 18 2.80 -0.14 -2.66 0.60 4.27 -0.74 24 X Y 201509080648A
181.89 -33.11 21 1.81 -0.19 -1.61 0.23 1.80 -0.38 24 X Y 201509080819A
181.98 -32.84 21 4.64 -0.58 -4.07 0.76 3.55 -0.81 23 X Y 201509081137A
182.11 -33.06 20 2.40 -0.41 -1.99 -0.53 2.06 -0.56 23 X Y 201509110847A
182.2 -32.65 14 3.89 -0.42 -3.47 0.91 3.98 -1.44 24 X Y 201509122032A
182.23 -33.14 24 3.46 -0.69 -2.76 0.16 2.29 -0.80 23 X Y 201509130705A
181.83 -33.03 23 2.28 -0.39 -1.89 0.13 1.68 -0.44 23 X Y 201509141453A
181.83 -32.77 28 2.58 -0.41 -2.17 0.48 1.49 -0.76 23 X Y 201509152347A
182.18 -33.03 27 3.59 -0.83 -2.76 0.03 2.52 -0.90 23 X Y 201509242230A
182.27 -32.61 17 2.92 0.26 -3.18 -0.06 4.30 -0.88 23 X Y 201509290312A
180.18 -35.25 41 2.63 0.24 -2.87 0.02 1.16 -1.21 23 X Y 201510050109A
181.96 -32.90 21 1.98 -0.19 -1.80 0.12 1.78 -0.30 23 X Y 201511101419A
182.42 -32.39 28 2.71 -0.24 -2.47 0.40 2.79 -0.59 23 X Y 201511190347A
181.4 -33.73 21 3.42 1.11 -4.52 0.59 1.74 -0.62 23 X Y 201511212302A
182.57 -30.25 37 1.43 0.06 -1.49 0.16 1.03 -0.40 24 X Y 201512070147A
182.59 -31.93 30 3.69 -1.11 -2.58 0.59 1.54 -0.43 23 X Y 201512140658A
182.28 -30.34 50 0.59 0.37 -0.96 0.08 0.35 -0.16 24 X Y 201512312129A
181.28 -31.30 104 -0.03 0.69 -0.66 -1.22 -3.94 0.35 23 X Y 201601181343A
182.68 -30.46 27 5.19 0.11 -5.30 0.40 3.86 -2.08 23 X Y 201602040007A
182.69 -30.45 26 0.65 -0.01 -0.64 0.07 0.58 -0.23 24 X Y 201602040048A
182.7 -30.50 29 5.43 -0.75 -4.68 0.18 2.49 -1.74 23 X Y 201602040058A
182.56 -30.37 32 3.21 -0.31 -2.90 -0.46 2.40 -0.93 23 X Y 201602040852A
182.54 -30.47 29 1.35 -0.08 -1.27 0.28 1.24 -0.42 24 X Y 201602170744A
181.98 -33.03 18 2.04 -0.20 -1.84 0.61 2.59 -0.60 24 X Y 201603010926A
181.99 -32.99 22 3.55 -0.71 -2.84 0.70 2.97 -0.68 23 X Y 201603041644A
181.5 -33.78 18 2.09 -0.27 -1.82 0.63 1.16 -0.27 23 X Y 201605240723A
181.59 -33.80 17 4.94 -1.21 -3.73 1.68 4.38 -2.14 23 X Y 201605261309A
182.15 -30.25 58 2.92 -0.42 -2.50 0.51 1.20 -1.13 24 X Y 201605300714A
182.1 -30.20 55 1.00 -0.24 -0.75 0.34 0.49 -0.39 24 X Y 201605301055A
182.36 -30.13 49 1.30 -0.01 -1.29 0.12 0.42 -0.36 25 X Y 201606060235A
182.46 -30.14 55 2.76 0.49 -3.25 -0.02 1.83 -0.91 23 X Y 201606231455A
182.34 -30.07 52 1.12 -0.02 -1.10 0.15 0.44 -0.24 24 X Y 201607041738A
182.24 -32.96 47 4.13 -0.75 -3.38 0.20 -1.52 -0.62 23 X Y 201607051906A
182.25 -31.78 25 4.82 -1.24 -3.58 1.10 2.38 -1.93 23 X Y 201607181027A
181.85 -33.62 22 3.96 -0.94 -3.03 0.29 1.96 -0.88 23 X Y 201608190455A
182.3 -32.42 21 1.61 -0.18 -1.44 0.33 1.84 -0.39 24 X Y 201609240402A
182.21 -32.51 22 1.75 -0.10 -1.64 0.36 1.53 -0.47 24 X Y 201609250428A
182.1 -32.65 22 4.99 -3.27 -1.72 0.56 1.60 -0.17 23 X Y 201609270754A
182.3 -32.49 19 2.79 -0.10 -2.69 0.55 2.42 -0.98 23 X Y 201609271040A
182.46 -30.25 38 1.50 -0.06 -1.44 0.09 0.92 -0.47 24 X Y 201609290134A
182.5 -30.65 35 4.86 -0.33 -4.53 0.54 2.62 -0.71 23 X Y 201611021615A
181.22 -33.15 39 5.19 -1.01 -4.19 0.04 1.31 -0.30 23 X Y 201611090432A
181.91 -32.73 23 3.37 -0.34 -3.02 0.13 2.26 -0.84 23 X Y 201611241315A
181.49 -34.62 54 3.59 -1.57 -2.02 -1.36 -2.11 -2.69 23 X Y 201612220719A
182.47 -30.46 40 1.86 -0.13 -1.74 0.16 0.90 -0.55 24 X Y 201612301256A
182.81 -30.15 24 0.70 -0.04 -0.65 0.09 0.46 -0.20 25 X Y 201701291459A
182.83 -30.19 33 3.68 -2.65 -1.03 -0.15 1.62 -2.04 23 X Y 201702042205A
182.47 -30.54 37 2.94 0.06 -3.00 0.24 2.04 -1.28 24 X Y 201703111710A
182.76 -30.25 28 0.38 0.40 -0.78 -0.22 0.62 -0.31 24 X Y 201703141816A
180.92 -33.16 49 2.60 -1.35 -1.25 -0.53 -1.19 -1.67 23 X Y 201703191138A
180.34 -34.62 64 2.66 2.69 -5.35 -1.21 1.02 0.52 23 X Y 201705070529A
182.16 -30.62 50 1.09 -0.08 -1.01 0.09 0.49 -0.31 25 X Y 201706150026A
182.61 -30.11 43 3.27 -0.54 -2.72 0.17 1.26 -0.73 23 X Y 201706181847A
183.25 -30.32 28 3.39 -1.35 -2.03 -0.26 0.21 -0.58 23 X Y 201706210219A
182.68 -30.27 29 1.42 -0.06 -1.36 0.01 1.19 -0.42 25 X Y 201706281820A
180.98 -32.94 52 1.70 -0.12 -1.58 0.07 0.69 -0.44 24 X Y 201708021915A
180.76 -35.53 22 0.61 -0.08 -0.53 0.23 0.52 -0.24 24 X Y 201708202337A
182.15 -30.50 55 1.56 0.20 -1.76 -0.69 -1.93 1.33 23 X Y 201709181211A
181.74 -33.94 13 3.28 -0.47 -2.81 0.20 2.00 -1.26 23 X Y 201709282247A
182.14 -31.34 27 3.19 0.18 -3.37 0.46 4.65 -0.88 23 X Y 201710040322A
182.15 -33.06 12 0.85 0.00 -0.86 0.09 1.05 -0.25 24 X Y 201710070016A
182.27 -32.98 23 2.78 -0.64 -2.14 0.04 1.98 -0.47 23 X Y 201710070838A
183.15 -30.42 22 2.20 -0.92 -1.28 -0.44 0.86 1.01 23 X Y 201710071413A
182.23 -30.27 45 5.37 -0.14 -5.23 0.26 1.77 -1.10 23 X Y 201710200955A
182.58 -31.82 21 3.28 -0.12 -3.16 0.38 3.14 -1.06 23 X Y 201711142053A
182.23 -30.40 51 2.67 -0.20 -2.48 -0.78 -1.05 -0.12 23 X Y 201711170525A
181.16 -32.73 47 4.87 -1.50 -3.38 1.32 1.86 -2.35 24 X Y 201712040008A
181.42 -30.48 14 7.06 -2.31 -4.74 -1.85 -1.45 1.17 24 X Y 201712080209A
182.44 -30.08 46 0.73 -0.03 -0.70 0.04 0.35 -0.23 25 X Y 201801172256A
182.11 -30.60 52 0.85 -0.12 -0.73 0.03 0.13 -0.29 24 X Y 201803091802A
180.87 -34.03 41 3.04 0.56 -3.60 -0.20 1.80 -1.02 23 X Y 201803211138A
182.54 -30.10 39 1.84 -0.09 -1.75 0.21 1.08 -0.38 24 X Y 201803220726A
182.55 -30.28 41 4.15 -0.16 -3.99 0.64 1.95 -0.80 23 X Y 201803310631A
182.49 -30.17 40 6.34 -0.66 -5.68 0.51 3.65 -2.35 23 X Y 201804040049A
181.26 -34.50 24 4.16 -1.20 -2.95 0.71 2.12 -1.07 23 X Y 201804110837A
180.82 -33.91 41 0.73 0.00 -0.73 0.02 0.36 -0.25 25 X Y 201805161722A
181.6 -31.87 53 0.81 0.06 -0.87 0.10 0.17 -0.33 24 X Y 201805171824A
180.12 -31.83 297 1.66 0.27 -1.93 -4.38 2.11 1.75 24 X Y 201805172143A
182.59 -30.21 42 1.10 -0.23 -0.87 0.03 0.46 -0.11 24 X Y 201805180247A
181.15 -30.44 227 1.27 -0.29 -0.98 -0.61 1.74 -0.28 24 X Y 201805220943A
183.39 -30.12 20 2.99 -0.84 -2.15 -0.03 0.70 -0.79 23 X Y 201806110118A
182.08 -32.83 17 0.66 -0.04 -0.61 0.07 0.86 -0.16 24 X Y 201806160632A
182.21 -30.64 46 1.30 -0.03 -1.27 0.08 0.61 -0.38 25 X Y 201807072133A
182.08 -30.74 45 4.57 0.13 -4.70 2.94 3.15 -0.61 23 X Y 201807161403A
182.74 -30.03 32 3.33 -0.07 -3.26 0.53 2.72 -1.01 24 X Y 201807280928A
181.32 -34.92 58 0.85 -0.58 -0.27 0.11 -0.73 -0.90 24 X Y 201808021301A
181.29 -34.76 27 3.08 0.18 -3.26 0.30 2.18 -0.37 23 X Y 201809120156A
181.06 -34.89 21 5.25 -0.11 -5.14 0.66 5.42 -1.49 23 X Y 201809130627A
181.06 -34.87 20 0.93 -0.11 -0.82 0.31 1.02 -0.30 24 X Y 201809131734A
183.33 -30.37 28 3.00 -0.60 -2.40 0.17 2.69 -0.76 23 X Y 201812150942A
182.28 -30.31 53 4.54 0.09 -4.63 0.29 -0.61 0.01 23 X Y 201901231752A
182.29 -30.45 47 1.37 0.02 -1.39 0.20 0.61 -0.34 24 X Y 201903031031A
182.44 -31.87 21 2.19 -0.17 -2.02 0.11 1.89 -0.62 23 X Y 201903032253A
182.42 -31.92 12 3.47 -0.13 -3.33 0.82 3.30 -1.14 25 X Y 201903061546A
182.62 -32.06 13 3.96 -0.50 -3.47 2.52 6.65 -1.05 24 X Y 201903062019A
182.31 -31.75 28 2.66 0.11 -2.77 -0.12 1.08 -0.33 23 X Y 201903070020A
182.24 -31.92 18 0.87 -0.27 -0.60 0.43 0.69 -0.42 24 X Y 201903070227A
182.31 -32.17 23 2.54 0.03 -2.56 0.95 0.70 -0.64 23 X Y 201903071302A
182.05 -32.40 18 2.03 -0.18 -1.85 0.32 1.75 -0.34 24 X Y 201903071527A
182.03 -32.40 19 3.74 -0.54 -3.20 0.62 3.41 -0.95 24 X Y 201903071629A
182.37 -32.13 18 0.67 -0.03 -0.64 0.17 0.76 -0.17 24 X Y 201903081157A
182.16 -31.87 22 2.21 -0.38 -1.83 0.43 1.66 -0.42 23 X Y 201903091625A
182.33 -31.93 20 3.62 -0.69 -2.93 1.51 2.39 -0.69 23 X Y 201903112056A
182.77 -31.50 18 4.31 -0.41 -3.90 0.74 4.01 -1.07 23 X Y 201903181430A
182.82 -31.50 20 3.84 -0.40 -3.43 1.27 4.13 -0.36 23 X Y 201903181507A
182.41 -31.98 23 2.94 -0.47 -2.47 0.76 1.81 -0.73 23 X Y 201903191232A
182.42 -31.22 18 2.76 0.33 -3.09 0.46 3.25 -0.18 23 X Y 201903211924A
182.69 -31.64 12 6.43 -0.36 -6.08 0.68 3.00 -2.17 23 X Y 201903230747A
182.66 -31.63 24 3.26 0.07 -3.33 0.27 0.71 0.02 23 X Y 201903260600A
182.53 -31.79 23 2.18 -0.23 -1.94 0.80 0.83 -0.49 23 X Y 201903261507A
182.45 -31.95 14 2.86 -0.21 -2.64 0.55 1.49 -0.85 23 X Y 201904070702A
181.59 -31.65 57 0.97 0.02 -1.00 -0.02 0.35 -0.31 24 X Y 201906132310A
182.21 -30.93 48 0.97 -0.08 -0.89 0.07 0.52 -0.27 27 X Y 201906152254A
182.21 -31.07 35 3.20 -0.14 -3.06 0.43 2.47 -0.93 25 X Y 201906160517A
182.53 -31.68 14 2.08 -0.03 -2.04 0.24 1.60 -0.44 24 X Y 201906162058A
182.67 -31.14 29 2.11 2.16 -4.27 1.45 1.59 0.08 23 X Y 201906162220A
182.72 -31.16 31 3.57 0.61 -4.18 0.24 1.52 0.07 23 X Y 201906162228A
182.3 -31.99 20 3.83 -0.12 -3.70 0.71 3.48 -1.02 23 X Y 201906162320A
182.54 -31.11 22 3.68 0.36 -4.04 0.21 1.88 -0.03 23 X Y 201906170011A
182.78 -30.85 15 1.32 -0.08 -1.24 0.25 1.06 -0.45 25 X Y 201906170602A
182.64 -31.18 24 3.86 -0.73 -3.13 0.30 1.42 -0.36 23 X Y 201906170957A
183.33 -30.37 29 3.26 -0.38 -2.88 0.10 2.43 -0.44 23 X Y 201906171210A
182.88 -30.95 18 1.63 -0.22 -1.41 0.65 2.49 -0.67 24 X Y 201906171653A
182.92 -30.87 21 3.29 -0.55 -2.74 0.29 3.61 -0.84 23 X Y 201906180116A
182.73 -31.17 14 0.57 0.04 -0.62 0.17 0.61 -0.14 24 X Y 201906180423A
181.92 -33.56 22 2.96 -0.70 -2.26 0.56 1.45 -0.65 23 X Y 201906180720A
182.8 -31.11 14 0.77 -0.02 -0.74 0.14 0.85 -0.22 25 X Y 201906181605A
182.68 -31.34 14 1.43 -0.06 -1.37 0.27 1.31 -0.41 24 X Y 201906181721A
182.04 -30.74 51 7.61 -2.77 -4.84 -0.73 0.77 -2.03 23 X Y 201906181812A
182.69 -30.98 20 3.22 -0.23 -2.99 0.25 2.16 -0.60 23 X Y 201906182304A
182.81 -31.31 13 4.63 0.60 -5.23 0.14 4.74 -2.28 23 X Y 201906182324A
182.68 -31.00 19 0.91 0.06 -0.97 0.13 0.86 -0.25 24 X Y 201906182359A
182.19 -30.68 49 5.84 -0.28 -5.56 0.14 2.74 -1.41 25 X Y 201906190701A
181.71 -33.62 14 2.73 -0.26 -2.47 0.29 2.12 -0.87 23 X Y 201906200524A
182.93 -31.12 28 2.17 0.24 -2.41 0.38 2.12 0.43 23 X Y 201906202145A
182.85 -31.09 13 6.07 -0.55 -5.52 1.34 4.81 -1.56 23 X Y 201906210727A
182.92 -30.80 12 2.39 0.02 -2.40 0.47 1.72 -0.78 25 X Y 201906210837A
182.89 -30.71 19 3.76 -0.36 -3.40 1.84 3.81 -0.74 23 X Y 201906212249A
182.85 -30.63 36 3.87 -0.75 -3.12 1.56 2.67 -0.09 23 X Y 201906212300A
183.04 -31.06 12 0.86 -0.09 -0.77 0.27 0.72 -0.20 24 X Y 201906230652A
183.18 -30.76 12 0.82 -0.04 -0.78 0.23 0.77 -0.21 25 X Y 201906241134A
183.07 -30.96 12 1.01 -0.13 -0.88 0.24 0.86 -0.38 24 X Y 201906261806A
182.31 -30.67 45 0.90 -0.14 -0.77 0.11 0.46 -0.25 24 X Y 201907011956A
182.89 -31.23 12 1.10 -0.04 -1.06 0.08 1.04 -0.32 24 X Y 201907020407A
182.23 -30.31 61 5.63 1.16 -6.79 -2.07 -3.94 0.32 23 X Y 201907060010A
181.97 -32.80 23 2.99 -0.81 -2.18 0.35 1.19 -0.48 23 X Y 201907061752A
182.46 -30.40 38 0.81 -0.01 -0.80 0.11 0.47 -0.25 24 X Y 201907090311A
181.88 -31.05 56 1.03 -0.11 -0.92 -0.08 0.63 -0.21 24 X Y 201907202235A
180.81 -33.92 41 2.42 0.04 -2.47 0.09 1.20 -0.67 24 X Y 201907232308A
182.56 -30.40 41 2.17 0.23 -2.39 -0.26 1.42 -2.38 23 X Y 201907280727A
182.29 -31.85 21 3.13 -0.08 -3.05 0.68 2.05 -0.83 23 X Y 201908051929A
182.36 -31.26 34 4.88 -1.19 -3.69 -0.46 1.93 -0.85 23 X Y 201909061725A
182.29 -30.23 39 1.50 -0.59 -0.91 0.54 1.44 1.60 25 X Y 201909271205A
182.47 -30.11 47 1.05 -0.38 -0.67 -0.12 0.42 0.44 24 X Y 201909271402A
181.1 -35.02 15 2.35 -0.11 -2.24 1.13 3.57 -0.63 24 X Y 201910092022A
181.25 -34.93 22 4.04 -0.48 -3.56 -0.20 2.69 -1.15 23 X Y 201910092116A
180.86 -35.14 20 4.26 -0.44 -3.81 0.35 3.36 -1.09 23 X Y 201910101832A
182.44 -30.32 48 5.33 -0.52 -4.81 0.08 2.44 -1.51 23 X Y 201910132157A
182.07 -31.29 40 0.72 -0.05 -0.67 0.03 0.41 -0.12 24 X Y 201911220921A
182.26 -31.70 23 3.08 -0.68 -2.40 0.76 1.21 -0.87 23 X Y 201911261349A
182.5 -31.68 20 2.72 -0.81 -1.91 1.57 1.66 -0.66 23 X Y 201911291712A
182.68 -30.37 31 2.55 -0.11 -2.44 0.48 1.86 -0.55 23 X Y 201912282249A
182.07 -32.90 17 1.02 -0.07 -0.95 0.25 1.20 -0.24 24 X Y 202001011928A
182.33 -33.19 17 3.48 -0.62 -2.86 0.48 3.68 -0.96 23 X Y 202001012001A
180.6 -30.24 30 6.42 -2.76 -3.67 0.96 -1.20 -1.10 23 X Y 202001102254A
182.45 -31.99 29 2.75 -0.33 -2.42 1.44 1.26 -0.15 23 X Y 202001150407A
182.68 -30.50 31 0.83 -0.13 -0.70 0.08 0.64 -0.16 24 X Y 202001251919A
180.75 -35.49 19 1.08 -0.00 -1.07 0.27 1.27 -0.33 24 X Y 202001251924A
180.73 -35.49 18 0.64 -0.10 -0.54 0.15 0.66 -0.23 24 X Y 202001252120A
180.92 -32.28 12 0.07 -1.08 1.01 -5.88 -5.59 -0.00 23 X Y 202002061020A
181.45 -31.84 54 2.61 0.04 -2.64 0.28 0.92 -0.32 23 X Y 202002082050A
180.07 -33.04 168 1.65 -1.39 -0.27 -0.41 0.88 0.54 24 X Y 202002170028A
182.35 -30.28 38 2.46 0.43 -2.88 0.34 0.92 0.08 23 X Y 202003050143A
182.25 -32.46 20 5.49 -0.39 -5.10 1.12 5.86 -1.21 23 X Y 202003110101A
183.83 -30.37 46 0.91 -0.79 -0.12 -0.15 -0.65 -0.77 25 X Y 202004140106A
182.64 -30.49 25 3.82 -0.27 -3.55 0.32 3.17 -0.99 23 X Y 202004182109A
182.78 -30.46 28 3.97 0.08 -4.05 0.04 2.95 -1.34 23 X Y 202004182219A
182.82 -30.39 29 2.87 -0.65 -2.22 -0.05 1.76 -1.11 23 X Y 202004182222B
181.52 -32.26 53 5.32 -0.59 -4.74 -0.14 2.32 -1.53 23 X Y 202005292014A
181.63 -33.66 12 1.49 0.10 -1.58 0.25 1.25 -0.47 24 X Y 202006190038A
181.83 -33.38 16 3.91 -0.13 -3.77 0.96 4.36 -1.21 23 X Y 202006191710A
182.6 -31.42 22 2.81 -0.59 -2.22 0.82 1.65 -0.67 23 X Y 202006211152A
181.76 -33.14 19 5.03 -0.26 -4.78 1.27 4.35 -1.11 23 X Y 202006221811A
182.25 -33.23 22 2.08 -0.56 -1.52 -0.08 1.32 -0.28 23 X Y 202006270614A
181.69 -33.42 18 4.09 -0.26 -3.82 0.34 3.53 -1.01 23 X Y 202009290017A
182.57 -31.10 17 5.72 0.20 -5.91 -0.03 3.39 -1.21 23 X Y 202010150700A
181.08 -32.98 50 6.05 -0.56 -5.49 -0.14 2.79 -1.80 23 X Y 202012111530A
181.37 -32.68 42 5.59 0.23 -5.83 0.33 3.01 -1.59 23 X Y 202012182049A
182.34 -32.23 23 3.26 -0.66 -2.59 1.37 1.74 -1.03 23 X Y 202012242004A
180.89 -33.58 45 3.39 -0.78 -2.60 -0.25 -1.79 -0.58 23 X Y 202101181740A
180.88 -33.30 52 2.95 -0.05 -2.90 -0.14 1.06 -0.71 24 X Y 202101221623A
180.48 -34.43 42 4.67 -0.62 -4.04 0.32 1.89 -1.32 23 X Y 202102080639A
181.77 -31.29 57 6.53 -1.24 -5.29 -0.24 2.01 -1.25 23 X Y 202102222349A
183.08 -30.22 12 2.16 -0.36 -1.80 0.53 1.58 -1.01 24 X Y 202103051934A
183.38 -30.04 12 0.65 -0.02 -0.62 0.17 0.54 -0.14 25 X Y 202103052026A
183.05 -30.25 23 0.82 -0.19 -0.64 0.25 0.55 -0.30 24 X Y 202103052045A
183.64 -30.00 18 0.60 -0.17 -0.42 0.17 0.77 -0.15 24 X Y 202103052348A
182.38 -32.48 14 2.75 -0.29 -2.45 0.87 2.71 -0.95 24 X Y 202103070756A
182.33 -32.47 21 5.45 -1.19 -4.25 1.58 4.08 -0.93 23 X Y 202103071119A
182.08 -33.07 22 0.66 -0.11 -0.55 0.01 0.49 -0.14 24 X Y 202103080016A
183.05 -30.32 22 2.92 -0.81 -2.11 0.25 1.41 -0.52 23 X Y 202103080527A
181.96 -32.91 18 4.58 -0.23 -4.36 1.27 4.72 -1.12 23 X Y 202103100212A
181.96 -33.07 23 2.71 -0.16 -2.55 0.08 1.59 -0.25 23 X Y 202103102344A
181.96 -33.03 22 2.18 -0.49 -1.69 0.25 1.44 -0.33 23 X Y 202103110157A
182.03 -32.33 20 6.13 -0.25 -5.89 0.71 3.97 -1.21 23 X Y 202103120219A
182.94 -30.14 22 1.92 -0.25 -1.67 0.66 0.61 -0.31 23 X Y 202103121751A
183.38 -30.08 12 3.22 -0.35 -2.87 1.88 2.55 -0.83 23 X Y 202103130317A
182.31 -30.33 49 5.28 -0.21 -5.07 -0.29 1.20 -0.78 23 X Y 202104041725A
182.52 -30.55 29 1.02 0.01 -1.03 0.17 0.89 -0.25 24 X Y 202104120526A
182.56 -30.37 40 2.52 -0.20 -2.32 -0.07 1.29 -0.65 23 X Y 202104162000A
180.92 -33.24 49 0.74 -0.02 -0.72 0.00 0.45 -0.18 24 X Y 202105180859A
182.82 -30.68 29 4.85 -0.49 -4.36 1.78 2.20 -1.11 23 X Y 202105230240A
182.48 -30.29 43 6.43 -0.47 -5.96 0.51 3.28 -1.71 25 X Y 202106201705A
182.5 -30.19 50 3.60 -0.61 -2.99 -0.03 0.76 -0.61 24 X Y 202106201724A
182.59 -30.27 35 0.79 -0.01 -0.78 0.09 0.56 -0.19 25 X Y 202106211114A
182.21 -30.25 12 0.92 0.00 -0.92 2.69 8.59 0.15 23 X Y 202106260304A
