1917.0 05-01 -31.08 183.539 15.0 None 8.2 2.5118864315095717e+21
1917 08-05 -41.481 176.437 15.0 None 6.6 1e+19
1918 11-03 -49.597 163.536 15.0 None 6.7 1.4125375446227497e+19
1919 04-17 -30.418 181.89 35.0 None 7.2 7.94328234724279e+19
1921 06-28 -39.682 176.888 25.0 None 6.7 1.4125375446227497e+19
1924.0 07-24 -49.522 158.911 15.0 None 7.1 5.6234132519034905e+19
1924.0 08-10 -31.259 182.993 15.0 None 6.5 7.079457843841402e+18
1926.0 10-03 -50.182 159.597 10.0 None 7.4 1.584893192461124e+20
1927 02-25 -38.214 177.991 35.0 None 6.2 2.511886431509572e+18
1927.0 07-18 -32.772 180.461 15.0 None 6.3 3.548133892335731e+18
1929 03-09 -42.968 172.03 20.0 None 7.0 3.981071705534986e+19
1929 06-16 -41.982 172.397 20.0 None 7.3 1.122018454301956e+20
1930.0 03-06 -33.292 181.995 15.0 None 6.3 3.548133892335731e+18
1930.0 09-22 -35.751 180.232 35.0 None 6.3 3.548133892335731e+18
1930.0 09-25 -35.323 180.404 35.0 None 6.2 2.511886431509572e+18
1931 02-02 -39.659 176.42 35.0 None 7.4 1.584893192461124e+20
1931 02-08 -39.67 177.147 15.0 None 6.4 5.011872336272756e+18
1931 02-13 -39.482 176.216 45.0 None 7.3 1.122018454301956e+20
1932 04-03 -30.618 181.655 35.0 None 6.5 7.079457843841402e+18
1932 08-13 -49.123 164.497 20.0 None 6.1 1.7782794100389228e+18
1932 09-15 -39.191 178.081 15.0 None 6.9 2.8183829312644723e+19
1934 03-05 -40.497 175.171 35.0 None 7.2 7.94328234724279e+19
1934 03-15 -39.606 176.772 25.0 None 6.3 3.548133892335731e+18
1935 03-29 -30.496 182.374 25.0 None 6.4 5.011872336272756e+18
1936 02-22 -49.094 164.275 15.0 None 6.9 2.8183829312644723e+19
1936 02-22 -49.143 164.209 15.0 None 6.4 5.011872336272756e+18
1936 10-04 -30.607 182.277 35.0 None 6.5 7.079457843841402e+18
1936 12-26 -30.73 181.915 35.0 None 6.7 1.4125375446227497e+19
1937.0 09-01 -32.795 180.782 45.0 None 6.5 7.079457843841402e+18
1938.0 02-13 -35.9 179.406 35.0 None 6.5 7.079457843841402e+18
1938 12-16 -45.737 167.214 15.0 None 7.0 3.981071705534986e+19
1938 12-16 -44.948 166.285 15.0 None 6.6 1e+19
1942.0 05-27 -33.078 182.401 15.0 None 6.4 5.011872336272756e+18
1942 06-24 -41.186 175.868 15.0 None 7.0 3.981071705534986e+19
1942 08-01 -40.718 175.35 35.0 None 6.8 1.9952623149688664e+19
1943.0 07-11 -32.685 182.023 15.0 None 6.7 1.4125375446227497e+19
1943.0 08-02 -45.203 166.966 15.0 None 6.7 1.4125375446227497e+19
1943 09-14 -30.271 182.19 35.0 None 6.9 2.8183829312644723e+19
1945 09-01 -46.939 166.022 20.0 None 7.5 2.238721138568347e+20
1946 06-26 -43.353 171.486 15.0 None 6.5 7.079457843841402e+18
1947 03-25 -38.951 177.562 165.0 None 7.0 3.981071705534986e+19
1948.0 01-20 -33.712 181.992 20.0 None 6.4 5.011872336272756e+18
1948 05-22 -42.527 173.023 15.0 None 6.5 7.079457843841402e+18
1949.0 02-13 -33.472 182.281 15.0 None 6.7 1.4125375446227497e+19
1950 02-05 -49.015 164.359 15.0 None 6.4 5.011872336272756e+18
1950 08-05 -49.337 164.406 15.0 None 6.5 7.079457843841402e+18
1950.0 10-19 -33.5 182.287 15.0 None 6.1 1.7782794100389228e+18
1950.0 10-26 -32.785 182.121 15.0 None 6.0 1.2589254117941714e+18
1950.0 10-26 -32.73 182.631 15.0 None 6.3 3.548133892335731e+18
1951 02-10 -40.051 176.655 15.0 None 6.3 3.548133892335731e+18
1951 04-23 -37.355 178.076 20.0 None 6.1 1.7782794100389228e+18
1951.0 10-06 -30.387 183.629 15.0 None 6.1 1.7782794100389228e+18
1952.0 10-13 -34.133 181.916 15.0 None 6.1 1.7782794100389228e+18
1953.0 10-24 -35.295 180.267 30.0 None 6.0 1.2589254117941714e+18
1954.0 01-12 -48.57 165.057 35.0 None 6.5 7.079457843841402e+18
1954.0 01-12 -48.691 164.903 35.0 None 6.8 1.9952623149688664e+19
1954.0 01-13 -48.707 165.278 15.0 None 6.7 1.4125375446227497e+19
1954 02-19 -30.248 182.629 25.0 None 6.6 1e+19
1954.0 02-20 -30.348 183.335 15.0 None 6.1 1.7782794100389228e+18
1955 01-05 -50.075 162.851 15.0 None 7.0 3.981071705534986e+19
1955.0 08-14 -31.406 180.716 15.0 None 6.2 2.511886431509572e+18
1955.0 09-20 -31.763 181.989 30.0 None 6.3 3.548133892335731e+18
1956 01-30 -37.306 177.208 15.0 None 6.4 5.011872336272756e+18
1956.0 02-24 -35.347 180.436 25.0 None 6.2 2.511886431509572e+18
1956.0 06-04 -32.381 182.017 25.0 None 6.0 1.2589254117941714e+18
1956.0 10-28 -33.127 181.033 49.9 None 6.3 3.548133892335731e+18
1956 12-28 -38.343 177.657 35.0 None 6.5 7.079457843841402e+18
1957 06-11 -30.525 181.904 62.5 None 6.5 7.079457843841402e+18
1957.0 07-22 -33.342 181.17 15.0 None 6.0 1.2589254117941714e+18
1957.0 11-13 -32.784 180.835 30.0 None 6.5 7.079457843841402e+18
1957 12-31 -45.062 166.148 25.0 None 6.2 2.511886431509572e+18
1958 02-18 -30.478 181.521 50.0 None 6.0 1.2589254117941714e+18
1958.0 03-09 -33.492 180.764 43.3 None 6.2 2.511886431509572e+18
1958.0 09-22 -33.483 182.146 30.0 None 6.3 3.548133892335731e+18
1959.0 04-24 -31.336 181.33 35.0 None 6.4 5.011872336272756e+18
1960 05-24 -44.187 167.818 15.0 None 6.2 2.511886431509572e+18
1960.0 06-15 -32.334 182.302 15.0 None 6.2 2.511886431509572e+18
1960 06-25 -30.074 182.276 35.0 None 6.4 5.011872336272756e+18
1960.0 06-27 -32.461 182.267 15.0 None 6.0 1.2589254117941714e+18
1960.0 11-06 -31.125 182.474 25.0 None 6.3 3.548133892335731e+18
1960.0 12-13 -51.964 160.914 15.0 None 6.8 1.9952623149688664e+19
1961 03-18 -49.867 163.396 15.0 None 6.7 1.4125375446227497e+19
1961.0 10-02 -33.906 179.638 20.0 None 6.1 1.7782794100389228e+18
1961 12-27 -41.261 175.833 20.0 None 6.4 5.011872336272756e+18
1962 05-10 -41.796 171.747 25.0 None 6.0 1.2589254117941714e+18
1962.0 12-29 -31.447 182.5 15.0 None 6.0 1.2589254117941714e+18
1963 03-31 -30.163 182.16 51.6 None 6.2 2.511886431509572e+18
1963 05-20 -30.685 181.83 65.0 None 6.8 1.9952623149688664e+19
1963 07-29 -30.106 182.736 35.0 None 6.3 3.548133892335731e+18
1963.0 07-29 -30.075 183.067 25.0 None 6.6 1e+19
1963.0 09-14 -31.415 181.041 15.0 None 6.1 1.7782794100389228e+18
1964.0 05-13 -32.744 181.866 20.0 None 6.4 5.011872336272756e+18
1964.0 08-05 -32.241 180.316 230.5 None 6.4 5.011872336272756e+18
1964.0 09-12 -48.969 164.285 20.0 None 7.6 3.1622776601683794e+20
1964 11-08 -49.04 164.26 15.0 None 6.1 1.7782794100389228e+18
1965.0 04-09 -32.707 181.793 20.0 None 6.0 1.2589254117941714e+18
1965 12-08 -37.199 177.558 175.0 None 6.0 1.2589254117941714e+18
1966.0 05-25 -52.772 160.124 10.0 None 6.1 1.7782794100389228e+18
1967.0 07-22 -33.451 181.172 20.0 None 6.1 1.7782794100389228e+18
1967.0 09-04 -31.278 180.578 236.1 None 6.5 7.079457843841402e+18
1967 09-20 -49.736 164.009 20.0 None 7.0 3.981071705534986e+19
1968.0 01-20 -30.116 180.453 356.6 None 6.1 1.7782794100389228e+18
1968 05-20 -30.799 181.89 55.0 None 7.0 3.981071705534986e+19
1968 05-20 -30.725 181.913 50.0 None 6.9 2.8183829312644723e+19
1968 05-23 -41.659 172.02 20.0 None 7.2 7.94328234724279e+19
1968 05-30 -30.928 182.603 35.0 None 6.4 5.011872336272756e+18
1968 07-25 -30.725 181.783 45.0 None 7.3 1.122018454301956e+20
1968 08-21 -30.775 181.234 15.0 None 6.5 7.079457843841402e+18
1968 09-25 -46.451 166.562 15.0 None 6.2 2.511886431509572e+18
1968 09-26 -30.62 182.086 50.0 None 7.1 5.6234132519034905e+19
1969.0 05-30 -32.083 182.082 20.0 None 6.2 2.511886431509572e+18
1969.0 05-30 -32.16 182.016 20.0 None 6.1 1.7782794100389228e+18
1969.0 06-17 -52.744 160.309 15.0 None 6.8 1.9952623149688664e+19
1969 06-29 -30.516 181.882 35.0 None 6.1 1.7782794100389228e+18
1969.0 08-28 -31.456 182.41 30.0 None 6.0 1.2589254117941714e+18
1969.0 09-30 -31.66 182.177 15.0 None 6.2 2.511886431509572e+18
1970.0 01-08 -34.85 178.782 199.4 None 6.8 1.9952623149688664e+19
1970 07-27 -37.881 177.546 95.0 None 6.3 3.548133892335731e+18
1970.0 10-10 -31.915 182.104 25.0 None 6.3 3.548133892335731e+18
1970.0 10-11 -32.003 181.989 25.0 None 6.5 7.079457843841402e+18
1970.0 10-11 -32.049 182.102 25.0 None 6.2 2.511886431509572e+18
1972 04-01 -49.389 164.032 10.0 None 6.4 5.011872336272756e+18
1973 01-05 -38.997 175.232 150.0 None 6.2 2.511886431509572e+18
1973 02-14 -30.387 182.491 29.0 None 6.3 3.548133892335731e+18
1973.0 08-22 -32.791 180.792 33.0 None 6.0 1.2589254117941714e+18
1974 02-28 -36.813 176.851 15.0 None 6.2 2.511886431509572e+18
1975.0 01-12 -33.512 181.912 23.0 None 6.0 1.2589254117941714e+18
1975 07-16 -30.623 182.513 46.0 None 6.2 2.511886431509572e+18
1975 07-16 -30.867 182.566 37.0 None 6.1 1.7782794100389228e+18
