START OF POLYGON 1
-31.750 180.3 -0.931E+02 0.118E+02 0.494E+01 0.000E+00 0.000E+00 0.000E+00 0.000 0.000 0.000
-31.750 180.9 -0.128E+03 0.744E+01 0.136E+02 0.000E+00 0.000E+00 0.000E+00 0.000 0.000 0.000
-31.250 180.3 -0.814E+02 0.937E+01 0.282E+01 0.000E+00 0.000E+00 0.000E+00 0.000 0.000 0.000
-31.250 180.9 -0.115E+03 0.581E+01 0.881E+01 0.000E+00 0.000E+00 0.000E+00 0.000 0.000 0.000
-30.750 180.3 -0.740E+02 0.773E+01 0.206E+01 0.000E+00 0.000E+00 0.000E+00 0.000 0.000 0.000
-30.750 180.9 -0.104E+03 0.443E+01 0.511E+01 0.000E+00 0.000E+00 0.000E+00 0.000 0.000 0.000
####  Average data:  180.59759236857644  -31.266168521874054  -9.925e-08  7.763333333333336e-09  
START OF POLYGON 2
-32.750 180.9 -0.150E+03 0.941E+01 0.230E+02 0.000E+00 0.000E+00 0.000E+00 0.000 0.000 0.000
-32.750 181.5 -0.170E+03 0.274E+01 0.318E+02 0.000E+00 0.000E+00 0.000E+00 0.000 0.000 0.000
-32.750 182.1 -0.173E+03 -0.150E+01 0.361E+02 0.000E+00 0.000E+00 0.000E+00 0.000 0.000 0.000
-32.250 180.9 -0.139E+03 0.884E+01 0.186E+02 0.000E+00 0.000E+00 0.000E+00 0.000 0.000 0.000
-32.250 181.5 -0.163E+03 0.199E+01 0.279E+02 0.000E+00 0.000E+00 0.000E+00 0.000 0.000 0.000
-32.250 182.1 -0.169E+03 -0.369E+01 0.342E+02 0.000E+00 0.000E+00 0.000E+00 0.000 0.000 0.000
-32.250 182.7 -0.178E+03 -0.476E+01 0.398E+02 0.000E+00 0.000E+00 0.000E+00 0.000 0.000 0.000
-31.750 181.5 -0.155E+03 0.875E+00 0.234E+02 0.000E+00 0.000E+00 0.000E+00 0.000 0.000 0.000
-31.750 182.1 -0.166E+03 -0.520E+01 0.312E+02 0.000E+00 0.000E+00 0.000E+00 0.000 0.000 0.000
-31.750 182.7 -0.167E+03 -0.893E+01 0.383E+02 0.000E+00 0.000E+00 0.000E+00 0.000 0.000 0.000
-31.250 181.5 -0.144E+03 0.137E+00 0.181E+02 0.000E+00 0.000E+00 0.000E+00 0.000 0.000 0.000
-31.250 182.1 -0.163E+03 -0.652E+01 0.285E+02 0.000E+00 0.000E+00 0.000E+00 0.000 0.000 0.000
-31.250 182.7 -0.166E+03 -0.968E+01 0.345E+02 0.000E+00 0.000E+00 0.000E+00 0.000 0.000 0.000
-31.250 183.3 -0.190E+03 -0.147E+02 0.483E+02 0.000E+00 0.000E+00 0.000E+00 0.000 0.000 0.000
-30.750 181.5 -0.132E+03 -0.243E+00 0.135E+02 0.000E+00 0.000E+00 0.000E+00 0.000 0.000 0.000
-30.750 182.1 -0.155E+03 -0.638E+01 0.242E+02 0.000E+00 0.000E+00 0.000E+00 0.000 0.000 0.000
-30.750 182.7 -0.168E+03 -0.113E+02 0.331E+02 0.000E+00 0.000E+00 0.000E+00 0.000 0.000 0.000
-30.750 183.3 -0.175E+03 -0.166E+02 0.425E+02 0.000E+00 0.000E+00 0.000E+00 0.000 0.000 0.000
####  Average data:  182.11906949991493  -31.625633967826914  -1.623888888888889e-07  -3.6395e-09  
START OF POLYGON 3
-33.250 182.7 -0.135E+03 -0.793E+00 0.262E+02 0.000E+00 0.000E+00 0.000E+00 0.000 0.000 0.000
-33.250 183.3 -0.670E+02 0.129E+01 0.108E+02 0.000E+00 0.000E+00 0.000E+00 0.000 0.000 0.000
-32.750 182.7 -0.163E+03 -0.375E+01 0.315E+02 0.000E+00 0.000E+00 0.000E+00 0.000 0.000 0.000
-32.750 183.3 -0.103E+03 -0.135E+01 0.128E+02 0.000E+00 0.000E+00 0.000E+00 0.000 0.000 0.000
-32.250 183.3 -0.159E+03 -0.414E+01 0.231E+02 0.000E+00 0.000E+00 0.000E+00 0.000 0.000 0.000
-31.750 183.3 -0.208E+03 -0.380E+01 0.540E+02 0.000E+00 0.000E+00 0.000E+00 0.000 0.000 0.000
-31.750 183.9 -0.298E+02 -0.257E+01 0.139E+02 0.000E+00 0.000E+00 0.000E+00 0.000 0.000 0.000
-31.250 183.9 -0.116E+03 -0.771E+01 0.253E+02 0.000E+00 0.000E+00 0.000E+00 0.000 0.000 0.000
####  Average data:  183.63806650385476  -32.247715762247616  -1.226e-07  -2.8528750000000002e-09  
START OF POLYGON 4
-33.750 179.100 -0.643E+02 0.169E+02 -0.739E+01 0.000E+00 0.000E+00 0.000E+00 0.000 0.000 0.000
-33.750 179.700 -0.102E+03 0.169E+02 0.697E+01 0.000E+00 0.000E+00 0.000E+00 0.000 0.000 0.000
-33.250 179.100 -0.548E+02 0.169E+02 -0.787E+01 0.000E+00 0.000E+00 0.000E+00 0.000 0.000 0.000
-33.250 179.700 -0.915E+02 0.172E+02 0.420E+01 0.000E+00 0.000E+00 0.000E+00 0.000 0.000 0.000
-32.750 179.700 -0.792E+02 0.166E+02 0.186E+01 0.000E+00 0.000E+00 0.000E+00 0.000 0.000 0.000
-32.750 180.3 -0.117E+03 0.144E+02 0.126E+02 0.000E+00 0.000E+00 0.000E+00 0.000 0.000 0.000
-32.250 179.700 -0.703E+02 0.149E+02 0.142E+01 0.000E+00 0.000E+00 0.000E+00 0.000 0.000 0.000
-32.250 180.3 -0.105E+03 0.134E+02 0.898E+01 0.000E+00 0.000E+00 0.000E+00 0.000 0.000 0.000
####  Average data:  179.71287551627202  -33.101447698104224  -8.55125e-08  1.5900000000000003e-08  
START OF POLYGON 5
-35.750 180.3 -0.203E+03 0.776E+01 0.417E+02 0.000E+00 0.000E+00 0.000E+00 0.000 0.000 0.000
-35.750 180.9 -0.322E+03 -0.956E+01 0.102E+03 0.000E+00 0.000E+00 0.000E+00 0.000 0.000 0.000
-35.250 179.700 -0.141E+03 0.192E+02 0.147E+02 0.000E+00 0.000E+00 0.000E+00 0.000 0.000 0.000
-35.250 180.3 -0.183E+03 0.123E+02 0.314E+02 0.000E+00 0.000E+00 0.000E+00 0.000 0.000 0.000
-35.250 180.9 -0.211E+03 -0.284E+01 0.509E+02 0.000E+00 0.000E+00 0.000E+00 0.000 0.000 0.000
-34.750 179.700 -0.126E+03 0.193E+02 0.887E+01 0.000E+00 0.000E+00 0.000E+00 0.000 0.000 0.000
-34.750 180.3 -0.162E+03 0.104E+02 0.266E+02 0.000E+00 0.000E+00 0.000E+00 0.000 0.000 0.000
-34.750 180.9 -0.187E+03 0.142E+01 0.412E+02 0.000E+00 0.000E+00 0.000E+00 0.000 0.000 0.000
-34.250 179.700 -0.111E+03 0.177E+02 0.812E+01 0.000E+00 0.000E+00 0.000E+00 0.000 0.000 0.000
-34.250 180.3 -0.149E+03 0.114E+02 0.228E+02 0.000E+00 0.000E+00 0.000E+00 0.000 0.000 0.000
-34.250 180.9 -0.174E+03 0.516E+01 0.335E+02 0.000E+00 0.000E+00 0.000E+00 0.000 0.000 0.000
-34.250 181.5 -0.177E+03 0.182E+01 0.400E+02 0.000E+00 0.000E+00 0.000E+00 0.000 0.000 0.000
-33.750 180.3 -0.138E+03 0.130E+02 0.196E+02 0.000E+00 0.000E+00 0.000E+00 0.000 0.000 0.000
-33.750 180.9 -0.166E+03 0.687E+01 0.304E+02 0.000E+00 0.000E+00 0.000E+00 0.000 0.000 0.000
-33.750 181.5 -0.179E+03 0.462E+01 0.361E+02 0.000E+00 0.000E+00 0.000E+00 0.000 0.000 0.000
-33.250 180.3 -0.129E+03 0.140E+02 0.167E+02 0.000E+00 0.000E+00 0.000E+00 0.000 0.000 0.000
-33.250 180.9 -0.159E+03 0.902E+01 0.268E+02 0.000E+00 0.000E+00 0.000E+00 0.000 0.000 0.000
-33.250 181.5 -0.175E+03 0.339E+01 0.342E+02 0.000E+00 0.000E+00 0.000E+00 0.000 0.000 0.000
-33.250 182.1 -0.171E+03 -0.219E+01 0.361E+02 0.000E+00 0.000E+00 0.000E+00 0.000 0.000 0.000
####  Average data:  180.63183776674347  -34.39614842765087  -1.7173684210526317e-07  7.514210526315791e-09  
START OF POLYGON 6
-35.250 181.5 -0.219E+03 -0.966E+01 0.704E+02 0.000E+00 0.000E+00 0.000E+00 0.000 0.000 0.000
-35.250 182.1 -0.444E+02 -0.147E+02 0.272E+02 0.000E+00 0.000E+00 0.000E+00 0.000 0.000 0.000
-34.750 182.1 -0.159E+03 0.412E+00 0.348E+02 0.000E+00 0.000E+00 0.000E+00 0.000 0.000 0.000
-34.250 182.1 -0.205E+03 0.507E+01 0.571E+02 0.000E+00 0.000E+00 0.000E+00 0.000 0.000 0.000
-34.250 182.7 -0.336E+02 -0.132E+02 0.258E+02 0.000E+00 0.000E+00 0.000E+00 0.000 0.000 0.000
-33.750 182.1 -0.169E+03 -0.213E+01 0.369E+02 0.000E+00 0.000E+00 0.000E+00 0.000 0.000 0.000
-33.750 182.7 -0.106E+03 0.377E+01 0.262E+02 0.000E+00 0.000E+00 0.000E+00 0.000 0.000 0.000
-33.750 183.3 -0.328E+02 -0.461E-01 0.114E+02 0.000E+00 0.000E+00 0.000E+00 0.000 0.000 0.000
####  Average data:  182.39013420042306  -34.418342307388734  -1.211e-07  -3.810512500000001e-09  
START OF POLYGON 7
-35.750 177.900 -0.236E+02 -0.401E+00 -0.122E+02 0.000E+00 0.000E+00 0.000E+00 0.000 0.000 0.000
-35.750 178.500 -0.579E+02 0.286E+02 -0.923E+02 0.000E+00 0.000E+00 0.000E+00 0.000 0.000 0.000
-35.250 178.500 -0.399E+02 0.137E+02 -0.448E+02 0.000E+00 0.000E+00 0.000E+00 0.000 0.000 0.000
-35.250 179.100 -0.963E+02 0.333E+02 -0.239E+02 0.000E+00 0.000E+00 0.000E+00 0.000 0.000 0.000
-34.750 178.500 -0.458E+02 0.964E+01 -0.281E+02 0.000E+00 0.000E+00 0.000E+00 0.000 0.000 0.000
-34.750 179.100 -0.783E+02 0.249E+02 -0.183E+02 0.000E+00 0.000E+00 0.000E+00 0.000 0.000 0.000
-34.250 179.100 -0.702E+02 0.189E+02 -0.126E+02 0.000E+00 0.000E+00 0.000E+00 0.000 0.000 0.000
####  Average data:  178.6879456438354  -35.01377459998482  -5.8857142857142856e-08  1.8377000000000003e-08  
START OF POLYGON 8
-37.750 179.100 -0.295E+03 -0.209E+02 0.132E+03 0.000E+00 0.000E+00 0.000E+00 0.000 0.000 0.000
-37.750 179.700 -0.247E+03 -0.239E+02 0.105E+03 0.000E+00 0.000E+00 0.000E+00 0.000 0.000 0.000
-37.750 180.3 -0.205E+03 -0.205E+02 0.713E+02 0.000E+00 0.000E+00 0.000E+00 0.000 0.000 0.000
-37.250 178.500 -0.461E+02 0.856E+02 -0.635E+02 0.000E+00 0.000E+00 0.000E+00 0.000 0.000 0.000
-37.250 179.100 -0.159E+03 0.946E+01 0.196E+02 0.000E+00 0.000E+00 0.000E+00 0.000 0.000 0.000
-37.250 179.700 -0.219E+03 -0.556E+01 0.397E+02 0.000E+00 0.000E+00 0.000E+00 0.000 0.000 0.000
-37.250 180.3 -0.246E+03 -0.124E+02 0.535E+02 0.000E+00 0.000E+00 0.000E+00 0.000 0.000 0.000
-37.250 180.9 -0.241E+03 -0.494E+01 0.401E+02 0.000E+00 0.000E+00 0.000E+00 0.000 0.000 0.000
-36.750 179.100 -0.139E+03 0.233E+02 0.243E+02 0.000E+00 0.000E+00 0.000E+00 0.000 0.000 0.000
-36.750 179.700 -0.179E+03 0.376E+01 0.222E+02 0.000E+00 0.000E+00 0.000E+00 0.000 0.000 0.000
-36.750 180.3 -0.235E+03 -0.155E+01 0.272E+02 0.000E+00 0.000E+00 0.000E+00 0.000 0.000 0.000
-36.750 180.9 -0.285E+03 -0.879E+00 0.354E+02 0.000E+00 0.000E+00 0.000E+00 0.000 0.000 0.000
-36.250 179.100 -0.146E+03 0.301E+02 0.248E+02 0.000E+00 0.000E+00 0.000E+00 0.000 0.000 0.000
-36.250 179.700 -0.177E+03 0.827E+01 0.307E+02 0.000E+00 0.000E+00 0.000E+00 0.000 0.000 0.000
-36.250 180.3 -0.231E+03 0.708E+01 0.409E+02 0.000E+00 0.000E+00 0.000E+00 0.000 0.000 0.000
-36.250 180.9 -0.323E+03 -0.332E+01 0.451E+02 0.000E+00 0.000E+00 0.000E+00 0.000 0.000 0.000
-35.750 179.100 -0.109E+03 0.397E+02 -0.774E+01 0.000E+00 0.000E+00 0.000E+00 0.000 0.000 0.000
-35.750 179.700 -0.166E+03 0.172E+02 0.234E+02 0.000E+00 0.000E+00 0.000E+00 0.000 0.000 0.000
####  Average data:  179.83413558647322  -36.852402075345076  -2.0267222222222223e-07  7.251166666666668e-09  
START OF POLYGON 9
-37.750 176.700 -0.622E+01 0.446E+02 -0.303E+02 0.000E+00 0.000E+00 0.000E+00 0.000 0.000 0.000
-37.750 177.300 0.244E+02 0.581E+02 -0.750E+02 0.000E+00 0.000E+00 0.000E+00 0.000 0.000 0.000
-37.250 176.700 -0.173E+02 0.176E+02 -0.237E+02 0.000E+00 0.000E+00 0.000E+00 0.000 0.000 0.000
-37.250 177.300 -0.216E+02 0.396E+02 -0.290E+02 0.000E+00 0.000E+00 0.000E+00 0.000 0.000 0.000
-37.250 177.900 0.130E+02 0.947E+02 -0.105E+03 0.000E+00 0.000E+00 0.000E+00 0.000 0.000 0.000
-36.750 176.700 -0.305E+01 0.105E+02 -0.407E+01 0.000E+00 0.000E+00 0.000E+00 0.000 0.000 0.000
-36.750 177.300 -0.171E+02 0.367E+02 -0.172E+02 0.000E+00 0.000E+00 0.000E+00 0.000 0.000 0.000
-36.750 177.900 -0.288E+02 0.767E+02 -0.464E+02 0.000E+00 0.000E+00 0.000E+00 0.000 0.000 0.000
-36.750 178.500 -0.595E+02 0.783E+02 -0.487E+02 0.000E+00 0.000E+00 0.000E+00 0.000 0.000 0.000
-36.250 177.300 -0.132E+00 0.164E+02 -0.817E+01 0.000E+00 0.000E+00 0.000E+00 0.000 0.000 0.000
-36.250 177.900 -0.120E+02 0.664E+02 -0.491E+01 0.000E+00 0.000E+00 0.000E+00 0.000 0.000 0.000
-36.250 178.500 -0.689E+02 0.982E+02 -0.659E+02 0.000E+00 0.000E+00 0.000E+00 0.000 0.000 0.000
####  Average data:  177.4586949509153  -36.81386209169595  -1.6433500000000003e-08  5.315000000000001e-08  
START OF POLYGON 10
-38.750 175.500 -0.144E+02 -0.238E+02 -0.198E+02 0.000E+00 0.000E+00 0.000E+00 0.000 0.000 0.000
-38.750 176.100 -0.241E+01 -0.534E+02 -0.102E+02 0.000E+00 0.000E+00 0.000E+00 0.000 0.000 0.000
-38.250 176.100 -0.144E+02 0.473E+02 -0.103E+02 0.000E+00 0.000E+00 0.000E+00 0.000 0.000 0.000
-38.250 176.700 0.344E+01 0.192E+02 -0.289E+02 0.000E+00 0.000E+00 0.000E+00 0.000 0.000 0.000
####  Average data:  176.1041472000926  -38.47500213584914  -6.9425e-09  -2.6750000000000016e-09  
START OF POLYGON 11
-38.750 176.700 -0.220E+02 0.480E+02 -0.261E+02 0.000E+00 0.000E+00 0.000E+00 0.000 0.000 0.000
-38.750 177.300 -0.442E+02 0.353E+02 0.173E+02 0.000E+00 0.000E+00 0.000E+00 0.000 0.000 0.000
-38.750 177.900 -0.176E+03 -0.423E+02 0.120E+03 0.000E+00 0.000E+00 0.000E+00 0.000 0.000 0.000
-38.250 177.300 0.483E+02 0.721E+02 -0.817E+02 0.000E+00 0.000E+00 0.000E+00 0.000 0.000 0.000
-38.250 177.900 -0.624E+02 0.311E+02 0.461E+01 0.000E+00 0.000E+00 0.000E+00 0.000 0.000 0.000
-37.750 177.900 0.122E+03 0.737E+02 -0.148E+03 0.000E+00 0.000E+00 0.000E+00 0.000 0.000 0.000
####  Average data:  177.50344484031257  -38.380365166328424  -2.238333333333333e-08  3.6316666666666664e-08  
START OF POLYGON 12
-39.250 177.900 -0.170E+03 -0.448E+02 0.106E+03 0.000E+00 0.000E+00 0.000E+00 0.000 0.000 0.000
-39.250 178.500 -0.161E+03 -0.418E+02 0.118E+03 0.000E+00 0.000E+00 0.000E+00 0.000 0.000 0.000
-38.750 178.500 -0.229E+03 -0.535E+02 0.159E+03 0.000E+00 0.000E+00 0.000E+00 0.000 0.000 0.000
-38.750 179.100 -0.176E+03 -0.305E+02 0.115E+03 0.000E+00 0.000E+00 0.000E+00 0.000 0.000 0.000
-38.250 178.500 -0.252E+03 -0.787E+02 0.189E+03 0.000E+00 0.000E+00 0.000E+00 0.000 0.000 0.000
-38.250 179.100 -0.249E+03 -0.397E+02 0.156E+03 0.000E+00 0.000E+00 0.000E+00 0.000 0.000 0.000
-37.750 178.500 -0.154E+03 0.263E+02 0.336E+02 0.000E+00 0.000E+00 0.000E+00 0.000 0.000 0.000
####  Average data:  178.5691537627849  -38.6757245874463  -1.9871428571428572e-07  -3.7528571428571424e-08  
START OF POLYGON 13
-41.250 175.500 -0.547E+02 -0.113E+02 0.682E+02 0.000E+00 0.000E+00 0.000E+00 0.000 0.000 0.000
-40.750 175.500 -0.587E+02 -0.429E+02 0.317E+02 0.000E+00 0.000E+00 0.000E+00 0.000 0.000 0.000
-40.750 176.100 -0.113E+03 0.375E+02 0.334E+02 0.000E+00 0.000E+00 0.000E+00 0.000 0.000 0.000
####  Average data:  175.70482319792725  -40.89180163397341  -7.546666666666667e-08  -5.566666666666668e-09  
START OF POLYGON 14
-42.250 172.500 -0.223E+03 0.143E+03 0.698E+02 0.000E+00 0.000E+00 0.000E+00 0.000 0.000 0.000
-42.250 173.100 -0.219E+03 0.120E+03 0.832E+02 0.000E+00 0.000E+00 0.000E+00 0.000 0.000 0.000
-42.250 173.700 -0.782E+02 0.669E+02 0.765E+02 0.000E+00 0.000E+00 0.000E+00 0.000 0.000 0.000
-41.750 173.700 -0.103E+03 0.549E+02 0.174E+02 0.000E+00 0.000E+00 0.000E+00 0.000 0.000 0.000
-41.750 174.300 -0.122E+03 0.655E+02 0.531E+02 0.000E+00 0.000E+00 0.000E+00 0.000 0.000 0.000
####  Average data:  173.19093554367603  -42.145974703770236  -1.4904000000000004e-07  9.005999999999999e-08  
START OF POLYGON 15
-43.250 171.300 -0.186E+03 0.651E+02 0.631E+02 0.000E+00 0.000E+00 0.000E+00 0.000 0.000 0.000
-43.250 171.900 -0.128E+03 0.109E+02 0.116E+02 0.000E+00 0.000E+00 0.000E+00 0.000 0.000 0.000
-42.750 171.900 -0.289E+03 0.127E+03 0.160E+03 0.000E+00 0.000E+00 0.000E+00 0.000 0.000 0.000
-42.750 172.500 -0.359E+02 0.337E+02 0.142E+03 0.000E+00 0.000E+00 0.000E+00 0.000 0.000 0.000
-42.750 173.100 -0.151E+03 0.363E+02 0.484E+02 0.000E+00 0.000E+00 0.000E+00 0.000 0.000 0.000
####  Average data:  172.4675573715551  -42.78095237046605  -1.5798e-07  5.4600000000000006e-08  
START OF POLYGON 16
-45.250 169.500 -0.121E+03 0.749E+02 0.289E+01 0.000E+00 0.000E+00 0.000E+00 0.000 0.000 0.000
-44.750 170.100 -0.177E+02 0.276E+02 -0.677E+01 0.000E+00 0.000E+00 0.000E+00 0.000 0.000 0.000
-44.250 170.700 -0.129E+02 0.540E+02 0.455E+02 0.000E+00 0.000E+00 0.000E+00 0.000 0.000 0.000
-44.250 171.300 -0.400E+02 0.419E+02 -0.733E+01 0.000E+00 0.000E+00 0.000E+00 0.000 0.000 0.000
-43.750 171.300 -0.563E+02 0.161E+02 -0.765E+01 0.000E+00 0.000E+00 0.000E+00 0.000 0.000 0.000
-43.750 171.900 -0.197E+02 0.223E+01 0.662E+01 0.000E+00 0.000E+00 0.000E+00 0.000 0.000 0.000
####  Average data:  171.06665703906583  -44.92446278055905  -4.4599999999999996e-08  3.612166666666666e-08  
START OF POLYGON 17
-46.750 166.500 -0.221E+03 0.116E+03 0.623E+01 0.000E+00 0.000E+00 0.000E+00 0.000 0.000 0.000
-46.750 167.100 -0.508E+02 0.890E+02 0.797E+01 0.000E+00 0.000E+00 0.000E+00 0.000 0.000 0.000
-46.750 167.700 0.435E+02 0.331E+02 0.863E+01 0.000E+00 0.000E+00 0.000E+00 0.000 0.000 0.000
-46.750 168.300 -0.426E+02 0.305E+02 0.364E+00 0.000E+00 0.000E+00 0.000E+00 0.000 0.000 0.000
-46.250 166.500 -0.227E+03 0.759E+02 -0.840E+01 0.000E+00 0.000E+00 0.000E+00 0.000 0.000 0.000
-46.250 167.100 -0.662E+02 0.547E+02 -0.120E+02 0.000E+00 0.000E+00 0.000E+00 0.000 0.000 0.000
-46.250 167.700 -0.402E+02 0.571E+02 -0.279E+01 0.000E+00 0.000E+00 0.000E+00 0.000 0.000 0.000
-46.250 168.300 -0.146E+02 0.731E+01 -0.473E+02 0.000E+00 0.000E+00 0.000E+00 0.000 0.000 0.000
-45.750 166.500 -0.231E+03 0.430E+02 0.531E+02 0.000E+00 0.000E+00 0.000E+00 0.000 0.000 0.000
-45.750 167.100 -0.127E+03 0.567E+02 0.189E+02 0.000E+00 0.000E+00 0.000E+00 0.000 0.000 0.000
-45.750 167.700 -0.952E+02 0.488E+02 0.221E+02 0.000E+00 0.000E+00 0.000E+00 0.000 0.000 0.000
-45.750 168.300 -0.272E+02 0.612E+02 -0.430E+01 0.000E+00 0.000E+00 0.000E+00 0.000 0.000 0.000
-45.750 168.900 -0.274E+02 0.271E+02 -0.198E+01 0.000E+00 0.000E+00 0.000E+00 0.000 0.000 0.000
-45.250 167.100 -0.198E+03 0.391E+02 0.449E+02 0.000E+00 0.000E+00 0.000E+00 0.000 0.000 0.000
-45.250 167.700 -0.133E+03 0.569E+02 0.267E+02 0.000E+00 0.000E+00 0.000E+00 0.000 0.000 0.000
-45.250 168.300 -0.224E+02 0.503E+02 -0.109E+02 0.000E+00 0.000E+00 0.000E+00 0.000 0.000 0.000
-45.250 168.900 -0.447E+01 0.499E+02 0.164E+02 0.000E+00 0.000E+00 0.000E+00 0.000 0.000 0.000
-44.750 167.700 -0.254E+03 0.520E+02 0.953E+02 0.000E+00 0.000E+00 0.000E+00 0.000 0.000 0.000
-44.750 168.300 -0.944E+02 0.383E+02 0.164E+02 0.000E+00 0.000E+00 0.000E+00 0.000 0.000 0.000
-44.750 168.900 -0.803E+02 0.640E+02 0.165E+01 0.000E+00 0.000E+00 0.000E+00 0.000 0.000 0.000
-44.750 169.500 -0.523E+02 0.205E+02 -0.370E+02 0.000E+00 0.000E+00 0.000E+00 0.000 0.000 0.000
-44.250 168.900 -0.193E+03 0.690E+02 0.115E+03 0.000E+00 0.000E+00 0.000E+00 0.000 0.000 0.000
-44.250 169.500 -0.922E+02 0.553E+02 0.308E+02 0.000E+00 0.000E+00 0.000E+00 0.000 0.000 0.000
-44.250 170.100 -0.680E+02 0.583E+02 0.201E+02 0.000E+00 0.000E+00 0.000E+00 0.000 0.000 0.000
-43.750 169.500 -0.226E+03 0.976E+02 0.150E+03 0.000E+00 0.000E+00 0.000E+00 0.000 0.000 0.000
-43.750 170.100 -0.186E+03 0.693E+02 0.107E+03 0.000E+00 0.000E+00 0.000E+00 0.000 0.000 0.000
-43.750 170.700 -0.124E+03 0.624E+02 0.532E+02 0.000E+00 0.000E+00 0.000E+00 0.000 0.000 0.000
-43.250 170.700 -0.303E+03 0.111E+03 0.149E+03 0.000E+00 0.000E+00 0.000E+00 0.000 0.000 0.000
####  Average data:  168.32358302457536  -45.332516971856364  -1.1277750000000002e-07  5.693964285714285e-08  
START OF POLYGON 18
-46.750 164.700 -0.781E+02 0.443E+01 -0.476E+01 0.000E+00 0.000E+00 0.000E+00 0.000 0.000 0.000
-46.750 165.300 -0.149E+03 0.341E+02 -0.240E+02 0.000E+00 0.000E+00 0.000E+00 0.000 0.000 0.000
-46.750 165.900 -0.223E+03 0.639E+02 -0.693E+01 0.000E+00 0.000E+00 0.000E+00 0.000 0.000 0.000
-46.250 164.700 -0.190E+02 0.252E+01 0.354E+01 0.000E+00 0.000E+00 0.000E+00 0.000 0.000 0.000
-46.250 165.300 -0.135E+03 0.309E+02 0.850E+01 0.000E+00 0.000E+00 0.000E+00 0.000 0.000 0.000
-46.250 165.900 -0.231E+03 0.614E+02 0.520E+01 0.000E+00 0.000E+00 0.000E+00 0.000 0.000 0.000
-45.750 165.300 -0.367E+02 0.108E+02 0.782E+01 0.000E+00 0.000E+00 0.000E+00 0.000 0.000 0.000
-45.750 165.900 -0.200E+03 0.418E+02 0.385E+02 0.000E+00 0.000E+00 0.000E+00 0.000 0.000 0.000
-45.250 165.900 -0.618E+02 0.700E+01 0.203E+02 0.000E+00 0.000E+00 0.000E+00 0.000 0.000 0.000
-45.250 166.500 -0.215E+03 0.405E+02 0.548E+02 0.000E+00 0.000E+00 0.000E+00 0.000 0.000 0.000
-44.750 166.500 -0.736E+02 0.270E+01 0.128E+02 0.000E+00 0.000E+00 0.000E+00 0.000 0.000 0.000
-44.750 167.100 -0.196E+03 0.414E+02 0.759E+02 0.000E+00 0.000E+00 0.000E+00 0.000 0.000 0.000
-44.250 167.100 -0.280E+02 0.247E+02 0.130E+02 0.000E+00 0.000E+00 0.000E+00 0.000 0.000 0.000
-44.250 167.700 -0.129E+03 0.476E+02 0.109E+03 0.000E+00 0.000E+00 0.000E+00 0.000 0.000 0.000
-44.250 168.300 -0.219E+03 0.822E+02 0.132E+03 0.000E+00 0.000E+00 0.000E+00 0.000 0.000 0.000
####  Average data:  166.06022523471614  -45.598165930688964  -1.3294666666666666e-07  3.306333333333333e-08  
START OF POLYGON 19
-48.250 164.100 -0.220E+03 0.872E+02 -0.223E+00 0.000E+00 0.000E+00 0.000E+00 0.000 0.000 0.000
-48.250 164.700 -0.366E+03 0.175E+03 -0.114E+02 0.000E+00 0.000E+00 0.000E+00 0.000 0.000 0.000
-48.250 165.300 -0.720E+02 0.255E+02 0.101E+02 0.000E+00 0.000E+00 0.000E+00 0.000 0.000 0.000
-47.750 164.100 -0.491E+02 0.638E+01 0.126E+02 0.000E+00 0.000E+00 0.000E+00 0.000 0.000 0.000
-47.750 164.700 -0.262E+03 0.101E+03 -0.928E+00 0.000E+00 0.000E+00 0.000E+00 0.000 0.000 0.000
-47.750 165.300 -0.332E+03 0.158E+03 0.168E+02 0.000E+00 0.000E+00 0.000E+00 0.000 0.000 0.000
-47.750 165.900 -0.543E+02 0.212E+02 0.678E+01 0.000E+00 0.000E+00 0.000E+00 0.000 0.000 0.000
-47.250 164.700 -0.136E+03 0.188E+02 -0.172E+02 0.000E+00 0.000E+00 0.000E+00 0.000 0.000 0.000
-47.250 165.300 -0.226E+03 0.757E+02 -0.645E+01 0.000E+00 0.000E+00 0.000E+00 0.000 0.000 0.000
-47.250 165.900 -0.295E+03 0.130E+03 0.261E+02 0.000E+00 0.000E+00 0.000E+00 0.000 0.000 0.000
####  Average data:  164.93241677414872  -47.943953174907584  -2.0124e-07  7.987800000000001e-08  
START OF POLYGON 20
-50.750 162.900 -0.452E+02 0.418E+02 0.408E+01 0.000E+00 0.000E+00 0.000E+00 0.000 0.000 0.000
-50.750 163.500 -0.501E+01 -0.722E+01 0.664E+01 0.000E+00 0.000E+00 0.000E+00 0.000 0.000 0.000
-50.250 161.700 -0.964E+02 0.859E+02 0.198E+02 0.000E+00 0.000E+00 0.000E+00 0.000 0.000 0.000
-50.250 162.300 -0.183E+03 0.141E+03 -0.367E+01 0.000E+00 0.000E+00 0.000E+00 0.000 0.000 0.000
-50.250 162.900 -0.194E+03 0.126E+03 -0.210E+02 0.000E+00 0.000E+00 0.000E+00 0.000 0.000 0.000
-50.250 163.500 -0.930E+02 0.287E+02 0.382E+01 0.000E+00 0.000E+00 0.000E+00 0.000 0.000 0.000
-49.750 161.700 -0.104E+02 0.268E+01 0.188E+02 0.000E+00 0.000E+00 0.000E+00 0.000 0.000 0.000
-49.750 162.300 -0.442E+02 0.527E+02 0.266E+02 0.000E+00 0.000E+00 0.000E+00 0.000 0.000 0.000
-49.750 162.900 -0.278E+03 0.180E+03 0.826E+00 0.000E+00 0.000E+00 0.000E+00 0.000 0.000 0.000
-49.750 163.500 -0.243E+03 0.127E+03 -0.160E+02 0.000E+00 0.000E+00 0.000E+00 0.000 0.000 0.000
-49.750 164.100 -0.550E+02 0.734E+01 0.133E+02 0.000E+00 0.000E+00 0.000E+00 0.000 0.000 0.000
-49.250 162.900 -0.726E+02 0.274E+02 0.854E+01 0.000E+00 0.000E+00 0.000E+00 0.000 0.000 0.000
-49.250 163.500 -0.330E+03 0.174E+03 -0.280E+02 0.000E+00 0.000E+00 0.000E+00 0.000 0.000 0.000
-49.250 164.100 -0.230E+03 0.996E+02 -0.110E+02 0.000E+00 0.000E+00 0.000E+00 0.000 0.000 0.000
-49.250 164.700 -0.263E+02 -0.408E+01 0.945E+01 0.000E+00 0.000E+00 0.000E+00 0.000 0.000 0.000
-48.750 163.500 -0.181E+03 0.488E+02 -0.125E+02 0.000E+00 0.000E+00 0.000E+00 0.000 0.000 0.000
-48.750 164.100 -0.308E+03 0.154E+03 -0.436E+02 0.000E+00 0.000E+00 0.000E+00 0.000 0.000 0.000
-48.750 164.700 -0.183E+03 0.477E+02 -0.143E+02 0.000E+00 0.000E+00 0.000E+00 0.000 0.000 0.000
####  Average data:  163.20615191441928  -49.670302368893395  -1.4322833333333333e-07  7.407333333333333e-08  
START OF POLYGON 21
-53.750 158.100 -0.757E+02 0.237E+02 -0.354E+02 0.000E+00 0.000E+00 0.000E+00 0.000 0.000 0.000
-53.750 158.700 -0.111E+03 0.382E+02 -0.565E+02 0.000E+00 0.000E+00 0.000E+00 0.000 0.000 0.000
-53.750 159.300 -0.214E+03 0.129E+03 -0.104E+03 0.000E+00 0.000E+00 0.000E+00 0.000 0.000 0.000
-53.750 159.900 -0.451E+02 0.368E+02 -0.139E+02 0.000E+00 0.000E+00 0.000E+00 0.000 0.000 0.000
-53.250 156.900 -0.255E+02 0.772E+01 -0.162E+01 0.000E+00 0.000E+00 0.000E+00 0.000 0.000 0.000
-53.250 157.500 -0.383E+02 0.983E+01 -0.502E+01 0.000E+00 0.000E+00 0.000E+00 0.000 0.000 0.000
-53.250 158.100 -0.496E+02 0.941E+01 -0.169E+02 0.000E+00 0.000E+00 0.000E+00 0.000 0.000 0.000
-53.250 158.700 -0.755E+02 0.239E+02 -0.411E+02 0.000E+00 0.000E+00 0.000E+00 0.000 0.000 0.000
-53.250 159.300 -0.126E+03 0.698E+02 -0.721E+02 0.000E+00 0.000E+00 0.000E+00 0.000 0.000 0.000
-53.250 159.900 -0.176E+03 0.117E+03 -0.554E+02 0.000E+00 0.000E+00 0.000E+00 0.000 0.000 0.000
-53.250 160.500 -0.289E+02 0.247E+02 -0.819E+01 0.000E+00 0.000E+00 0.000E+00 0.000 0.000 0.000
-52.750 156.900 -0.200E+02 0.489E+01 0.348E+01 0.000E+00 0.000E+00 0.000E+00 0.000 0.000 0.000
-52.750 157.500 -0.282E+02 0.687E+01 0.500E+00 0.000E+00 0.000E+00 0.000E+00 0.000 0.000 0.000
-52.750 158.100 -0.416E+02 0.125E+02 -0.942E+01 0.000E+00 0.000E+00 0.000E+00 0.000 0.000 0.000
-52.750 158.700 -0.620E+02 0.257E+02 -0.273E+02 0.000E+00 0.000E+00 0.000E+00 0.000 0.000 0.000
-52.750 159.300 -0.921E+02 0.440E+02 -0.425E+02 0.000E+00 0.000E+00 0.000E+00 0.000 0.000 0.000
-52.750 159.900 -0.126E+03 0.787E+02 -0.509E+02 0.000E+00 0.000E+00 0.000E+00 0.000 0.000 0.000
-52.750 160.500 -0.143E+03 0.962E+02 -0.328E+02 0.000E+00 0.000E+00 0.000E+00 0.000 0.000 0.000
-52.250 158.100 -0.319E+02 0.116E+02 -0.157E+01 0.000E+00 0.000E+00 0.000E+00 0.000 0.000 0.000
-52.250 158.700 -0.492E+02 0.219E+02 -0.110E+02 0.000E+00 0.000E+00 0.000E+00 0.000 0.000 0.000
-52.250 159.300 -0.755E+02 0.420E+02 -0.242E+02 0.000E+00 0.000E+00 0.000E+00 0.000 0.000 0.000
-52.250 159.900 -0.105E+03 0.621E+02 -0.323E+02 0.000E+00 0.000E+00 0.000E+00 0.000 0.000 0.000
-52.250 160.500 -0.121E+03 0.759E+02 -0.344E+02 0.000E+00 0.000E+00 0.000E+00 0.000 0.000 0.000
-52.250 161.100 -0.121E+03 0.782E+02 -0.221E+02 0.000E+00 0.000E+00 0.000E+00 0.000 0.000 0.000
-51.750 158.700 -0.321E+02 0.157E+02 -0.431E+00 0.000E+00 0.000E+00 0.000E+00 0.000 0.000 0.000
-51.750 159.300 -0.548E+02 0.332E+02 -0.554E+01 0.000E+00 0.000E+00 0.000E+00 0.000 0.000 0.000
-51.750 159.900 -0.861E+02 0.580E+02 -0.122E+02 0.000E+00 0.000E+00 0.000E+00 0.000 0.000 0.000
-51.750 160.500 -0.122E+03 0.809E+02 -0.178E+02 0.000E+00 0.000E+00 0.000E+00 0.000 0.000 0.000
-51.750 161.100 -0.129E+03 0.799E+02 -0.240E+02 0.000E+00 0.000E+00 0.000E+00 0.000 0.000 0.000
-51.750 161.700 -0.105E+03 0.589E+02 -0.194E+02 0.000E+00 0.000E+00 0.000E+00 0.000 0.000 0.000
-51.250 159.300 -0.283E+02 0.186E+02 0.253E+01 0.000E+00 0.000E+00 0.000E+00 0.000 0.000 0.000
-51.250 159.900 -0.559E+02 0.419E+02 0.358E+01 0.000E+00 0.000E+00 0.000E+00 0.000 0.000 0.000
-51.250 160.500 -0.962E+02 0.741E+02 0.202E+01 0.000E+00 0.000E+00 0.000E+00 0.000 0.000 0.000
-51.250 161.100 -0.145E+03 0.106E+03 -0.528E+01 0.000E+00 0.000E+00 0.000E+00 0.000 0.000 0.000
-51.250 161.700 -0.159E+03 0.102E+03 -0.215E+02 0.000E+00 0.000E+00 0.000E+00 0.000 0.000 0.000
-51.250 162.300 -0.884E+02 0.277E+02 -0.263E+02 0.000E+00 0.000E+00 0.000E+00 0.000 0.000 0.000
-50.750 159.900 -0.235E+02 0.194E+02 0.516E+01 0.000E+00 0.000E+00 0.000E+00 0.000 0.000 0.000
-50.750 160.500 -0.522E+02 0.446E+02 0.102E+02 0.000E+00 0.000E+00 0.000E+00 0.000 0.000 0.000
-50.750 161.100 -0.100E+03 0.840E+02 0.125E+02 0.000E+00 0.000E+00 0.000E+00 0.000 0.000 0.000
-50.750 161.700 -0.162E+03 0.129E+03 0.576E+01 0.000E+00 0.000E+00 0.000E+00 0.000 0.000 0.000
-50.750 162.300 -0.215E+03 0.153E+03 -0.130E+02 0.000E+00 0.000E+00 0.000E+00 0.000 0.000 0.000
-50.250 160.500 -0.172E+02 0.146E+02 0.626E+01 0.000E+00 0.000E+00 0.000E+00 0.000 0.000 0.000
-50.250 161.100 -0.383E+02 0.336E+02 0.134E+02 0.000E+00 0.000E+00 0.000E+00 0.000 0.000 0.000
####  Average data:  159.6421837227875  -52.19973026132803  -8.586279069767442e-08  5.176093023255815e-08  
